fetch 7T10, async=0
_ set_view (\
_     1.000000000,    0.000000000,    0.000000000,\
_     0.000000000,    1.000000000,    0.000000000,\
_     0.000000000,    0.000000000,    1.000000000,\
_     0.000000000,    0.000000000,  -50.000000000,\
_   153.522109985,  153.560958862,  165.707519531,\
_    40.000000000,  100.000000000,  -20.000000000 )
_ set_view (\
_     1.000000000,    0.000000000,    0.000000000,\
_     0.000000000,    1.000000000,    0.000000000,\
_     0.000000000,    0.000000000,    1.000000000,\
_     0.000000000,    0.000000000, -383.449645996,\
_   153.522109985,  153.560958862,  165.707519531,\
_   302.314636230,  464.584655762,  -20.000000000 )
show_as sticks
color element
color atomic
select CYS, resn CYS
cmd.hide("everything","all")
cmd.show("sticks"    ,"CYS")

cmd.disable('CYS')
_ set_view (\
_     1.000000000,    0.000000000,    0.000000000,\
_     0.000000000,    1.000000000,    0.000000000,\
_     0.000000000,    0.000000000,    1.000000000,\
_     0.000000000,    0.000000000, -382.491027832,\
_   153.522109985,  153.560958862,  165.707519531,\
_   302.314636230,  464.584655762,  -20.000000000 )
_ set_view (\
_     1.000000000,    0.000000000,    0.000000000,\
_     0.000000000,    1.000000000,    0.000000000,\
_     0.000000000,    0.000000000,    1.000000000,\
_     0.000000000,    0.000000000, -379.622344971,\
_   153.522109985,  153.560958862,  165.707519531,\
_   301.356018066,  463.626037598,  -20.000000000 )
_ set_view (\
_     1.000000000,    0.000000000,    0.000000000,\
_     0.000000000,    1.000000000,    0.000000000,\
_     0.000000000,    0.000000000,    1.000000000,\
_     0.000000000,    0.000000000, -375.826110840,\
_   153.522109985,  153.560958862,  165.707519531,\
_   298.487335205,  460.757354736,  -20.000000000 )
_ set_view (\
_     1.000000000,    0.000000000,    0.000000000,\
_     0.000000000,    1.000000000,    0.000000000,\
_     0.000000000,    0.000000000,    1.000000000,\
_     0.000000000,    0.000000000, -372.067840576,\
_   153.522109985,  153.560958862,  165.707519531,\
_   294.691101074,  456.961120605,  -20.000000000 )
_ set_view (\
_     1.000000000,    0.000000000,    0.000000000,\
_     0.000000000,    1.000000000,    0.000000000,\
_     0.000000000,    0.000000000,    1.000000000,\
_     0.000000000,    0.000000000, -361.835968018,\
_   153.522109985,  153.560958862,  165.707519531,\
_   290.932830811,  453.202850342,  -20.000000000 )
_ set_view (\
_     1.000000000,    0.000000000,    0.000000000,\
_     0.000000000,    1.000000000,    0.000000000,\
_     0.000000000,    0.000000000,    1.000000000,\
_     0.000000000,    0.000000000, -357.313018799,\
_   153.522109985,  153.560958862,  165.707519531,\
_   280.700958252,  442.970977783,  -20.000000000 )
_ set_view (\
_     1.000000000,    0.000000000,    0.000000000,\
_     0.000000000,    1.000000000,    0.000000000,\
_     0.000000000,    0.000000000,    1.000000000,\
_     0.000000000,    0.000000000, -354.633178711,\
_   153.522109985,  153.560958862,  165.707519531,\
_   276.178009033,  438.448028564,  -20.000000000 )
_ set_view (\
_     1.000000000,    0.000000000,    0.000000000,\
_     0.000000000,    1.000000000,    0.000000000,\
_     0.000000000,    0.000000000,    1.000000000,\
_     0.000000000,    0.000000000, -351.086853027,\
_   153.522109985,  153.560958862,  165.707519531,\
_   273.498168945,  435.768188477,  -20.000000000 )
_ set_view (\
_     1.000000000,    0.000000000,    0.000000000,\
_     0.000000000,    1.000000000,    0.000000000,\
_     0.000000000,    0.000000000,    1.000000000,\
_     0.000000000,    0.000000000, -347.575988770,\
_   153.522109985,  153.560958862,  165.707519531,\
_   269.951843262,  432.221862793,  -20.000000000 )
_ set_view (\
_     1.000000000,    0.000000000,    0.000000000,\
_     0.000000000,    1.000000000,    0.000000000,\
_     0.000000000,    0.000000000,    1.000000000,\
_     0.000000000,    0.000000000, -343.231292725,\
_   153.522109985,  153.560958862,  165.707519531,\
_   266.440979004,  428.710998535,  -20.000000000 )
_ set_view (\
_     1.000000000,    0.000000000,    0.000000000,\
_     0.000000000,    1.000000000,    0.000000000,\
_     0.000000000,    0.000000000,    1.000000000,\
_     0.000000000,    0.000000000, -337.224731445,\
_   153.522109985,  153.560958862,  165.707519531,\
_   262.096282959,  424.366302490,  -20.000000000 )
_ set_view (\
_     1.000000000,    0.000000000,    0.000000000,\
_     0.000000000,    1.000000000,    0.000000000,\
_     0.000000000,    0.000000000,    1.000000000,\
_     0.000000000,    0.000000000, -329.637176514,\
_   153.522109985,  153.560958862,  165.707519531,\
_   256.089721680,  418.359741211,  -20.000000000 )
_ set_view (\
_     1.000000000,    0.000000000,    0.000000000,\
_     0.000000000,    1.000000000,    0.000000000,\
_     0.000000000,    0.000000000,    1.000000000,\
_     0.000000000,    0.000000000, -323.044433594,\
_   153.522109985,  153.560958862,  165.707519531,\
_   248.502166748,  410.772186279,  -20.000000000 )
_ set_view (\
_     1.000000000,    0.000000000,    0.000000000,\
_     0.000000000,    1.000000000,    0.000000000,\
_     0.000000000,    0.000000000,    1.000000000,\
_     0.000000000,    0.000000000, -318.198760986,\
_   153.522109985,  153.560958862,  165.707519531,\
_   241.909423828,  404.179443359,  -20.000000000 )
_ set_view (\
_     1.000000000,    0.000000000,    0.000000000,\
_     0.000000000,    1.000000000,    0.000000000,\
_     0.000000000,    0.000000000,    1.000000000,\
_     0.000000000,    0.000000000, -313.425781250,\
_   153.522109985,  153.560958862,  165.707519531,\
_   237.063751221,  399.333770752,  -20.000000000 )
_ set_view (\
_     1.000000000,    0.000000000,    0.000000000,\
_     0.000000000,    1.000000000,    0.000000000,\
_     0.000000000,    0.000000000,    1.000000000,\
_     0.000000000,    0.000000000, -308.724395752,\
_   153.522109985,  153.560958862,  165.707519531,\
_   232.290771484,  394.560791016,  -20.000000000 )
_ set_view (\
_     1.000000000,    0.000000000,    0.000000000,\
_     0.000000000,    1.000000000,    0.000000000,\
_     0.000000000,    0.000000000,    1.000000000,\
_     0.000000000,    0.000000000, -301.006286621,\
_   153.522109985,  153.560958862,  165.707519531,\
_   227.589385986,  389.859405518,  -20.000000000 )
_ set_view (\
_     1.000000000,    0.000000000,    0.000000000,\
_     0.000000000,    1.000000000,    0.000000000,\
_     0.000000000,    0.000000000,    1.000000000,\
_     0.000000000,    0.000000000, -296.491180420,\
_   153.522109985,  153.560958862,  165.707519531,\
_   219.871276855,  382.141296387,  -20.000000000 )
_ set_view (\
_     1.000000000,    0.000000000,    0.000000000,\
_     0.000000000,    1.000000000,    0.000000000,\
_     0.000000000,    0.000000000,    1.000000000,\
_     0.000000000,    0.000000000, -292.043823242,\
_   153.522109985,  153.560958862,  165.707519531,\
_   215.356185913,  377.626190186,  -20.000000000 )
_ set_view (\
_     1.000000000,    0.000000000,    0.000000000,\
_     0.000000000,    1.000000000,    0.000000000,\
_     0.000000000,    0.000000000,    1.000000000,\
_     0.000000000,    0.000000000, -288.393280029,\
_   153.522109985,  153.560958862,  165.707519531,\
_   210.908813477,  373.178833008,  -20.000000000 )
_ set_view (\
_     1.000000000,    0.000000000,    0.000000000,\
_     0.000000000,    1.000000000,    0.000000000,\
_     0.000000000,    0.000000000,    1.000000000,\
_     0.000000000,    0.000000000, -286.230316162,\
_   153.522109985,  153.560958862,  165.707519531,\
_   207.258270264,  369.528289795,  -20.000000000 )
_ set_view (\
_     1.000000000,    0.000000000,    0.000000000,\
_     0.000000000,    1.000000000,    0.000000000,\
_     0.000000000,    0.000000000,    1.000000000,\
_     0.000000000,    0.000000000, -282.652435303,\
_   153.522109985,  153.560958862,  165.707519531,\
_   205.095321655,  367.365325928,  -20.000000000 )
_ set_view (\
_     1.000000000,    0.000000000,    0.000000000,\
_     0.000000000,    1.000000000,    0.000000000,\
_     0.000000000,    0.000000000,    1.000000000,\
_     0.000000000,    0.000000000, -280.532531738,\
_   153.522109985,  153.560958862,  165.707519531,\
_   201.517440796,  363.787445068,  -20.000000000 )
_ set_view (\
_     1.000000000,    0.000000000,    0.000000000,\
_     0.000000000,    1.000000000,    0.000000000,\
_     0.000000000,    0.000000000,    1.000000000,\
_     0.000000000,    0.000000000, -278.428527832,\
_   153.522109985,  153.560958862,  165.707519531,\
_   199.397552490,  361.667541504,  -20.000000000 )
_ set_view (\
_     1.000000000,    0.000000000,    0.000000000,\
_     0.000000000,    1.000000000,    0.000000000,\
_     0.000000000,    0.000000000,    1.000000000,\
_     0.000000000,    0.000000000, -275.644256592,\
_   153.522109985,  153.560958862,  165.707519531,\
_   197.293563843,  359.563537598,  -20.000000000 )
_ set_view (\
_     1.000000000,    0.000000000,    0.000000000,\
_     0.000000000,    1.000000000,    0.000000000,\
_     0.000000000,    0.000000000,    1.000000000,\
_     0.000000000,    0.000000000, -273.576934814,\
_   153.522109985,  153.560958862,  165.707519531,\
_   194.509277344,  356.779266357,  -20.000000000 )
_ set_view (\
_     1.000000000,    0.000000000,    0.000000000,\
_     0.000000000,    1.000000000,    0.000000000,\
_     0.000000000,    0.000000000,    1.000000000,\
_     0.000000000,    0.000000000, -271.525115967,\
_   153.522109985,  153.560958862,  165.707519531,\
_   192.441940308,  354.711944580,  -20.000000000 )
_ set_view (\
_     1.000000000,    0.000000000,    0.000000000,\
_     0.000000000,    1.000000000,    0.000000000,\
_     0.000000000,    0.000000000,    1.000000000,\
_     0.000000000,    0.000000000, -269.488677979,\
_   153.522109985,  153.560958862,  165.707519531,\
_   190.390106201,  352.660125732,  -20.000000000 )
_ set_view (\
_     1.000000000,    0.000000000,    0.000000000,\
_     0.000000000,    1.000000000,    0.000000000,\
_     0.000000000,    0.000000000,    1.000000000,\
_     0.000000000,    0.000000000, -266.793792725,\
_   153.522109985,  153.560958862,  165.707519531,\
_   188.353668213,  350.623687744,  -20.000000000 )
_ set_view (\
_     1.000000000,    0.000000000,    0.000000000,\
_     0.000000000,    1.000000000,    0.000000000,\
_     0.000000000,    0.000000000,    1.000000000,\
_     0.000000000,    0.000000000, -266.126800537,\
_   153.522109985,  153.560958862,  165.707519531,\
_   185.658782959,  347.928802490,  -20.000000000 )
_ set_view (\
_     1.000000000,    0.000000000,    0.000000000,\
_     0.000000000,    1.000000000,    0.000000000,\
_     0.000000000,    0.000000000,    1.000000000,\
_     0.000000000,    0.000000000, -265.461486816,\
_   153.522109985,  153.560958862,  165.707519531,\
_   184.991806030,  347.261810303,  -20.000000000 )
_ set_view (\
_     1.000000000,    0.000000000,    0.000000000,\
_     0.000000000,    1.000000000,    0.000000000,\
_     0.000000000,    0.000000000,    1.000000000,\
_     0.000000000,    0.000000000, -266.125152588,\
_   153.522109985,  153.560958862,  165.707519531,\
_   184.326492310,  346.596496582,  -20.000000000 )
_ set_view (\
_     1.000000000,    0.000000000,    0.000000000,\
_     0.000000000,    1.000000000,    0.000000000,\
_     0.000000000,    0.000000000,    1.000000000,\
_     0.000000000,    0.000000000, -264.129211426,\
_   153.522109985,  153.560958862,  165.707519531,\
_   184.990142822,  347.260162354,  -20.000000000 )
_ set_view (\
_     1.000000000,    0.000000000,    0.000000000,\
_     0.000000000,    1.000000000,    0.000000000,\
_     0.000000000,    0.000000000,    1.000000000,\
_     0.000000000,    0.000000000, -258.846618652,\
_   153.522109985,  153.560958862,  165.707519531,\
_   182.994201660,  345.264221191,  -20.000000000 )
_ set_view (\
_     1.000000000,    0.000000000,    0.000000000,\
_     0.000000000,    1.000000000,    0.000000000,\
_     0.000000000,    0.000000000,    1.000000000,\
_     0.000000000,    0.000000000, -253.022567749,\
_   153.522109985,  153.560958862,  165.707519531,\
_   177.711624146,  339.981628418,  -20.000000000 )
_ set_view (\
_     1.000000000,    0.000000000,    0.000000000,\
_     0.000000000,    1.000000000,    0.000000000,\
_     0.000000000,    0.000000000,    1.000000000,\
_     0.000000000,    0.000000000, -245.431884766,\
_   153.522109985,  153.560958862,  165.707519531,\
_   171.887573242,  334.157592773,  -20.000000000 )
_ set_view (\
_     1.000000000,    0.000000000,    0.000000000,\
_     0.000000000,    1.000000000,    0.000000000,\
_     0.000000000,    0.000000000,    1.000000000,\
_     0.000000000,    0.000000000, -240.523254395,\
_   153.522109985,  153.560958862,  165.707519531,\
_   164.296890259,  326.566925049,  -20.000000000 )
_ set_view (\
_     1.000000000,    0.000000000,    0.000000000,\
_     0.000000000,    1.000000000,    0.000000000,\
_     0.000000000,    0.000000000,    1.000000000,\
_     0.000000000,    0.000000000, -227.294479370,\
_   153.522109985,  153.560958862,  165.707519531,\
_   159.388259888,  321.658294678,  -20.000000000 )
_ set_view (\
_     1.000000000,    0.000000000,    0.000000000,\
_     0.000000000,    1.000000000,    0.000000000,\
_     0.000000000,    0.000000000,    1.000000000,\
_     0.000000000,    0.000000000, -222.180358887,\
_   153.522109985,  153.560958862,  165.707519531,\
_   146.159484863,  308.429504395,  -20.000000000 )
_ set_view (\
_     1.000000000,    0.000000000,    0.000000000,\
_     0.000000000,    1.000000000,    0.000000000,\
_     0.000000000,    0.000000000,    1.000000000,\
_     0.000000000,    0.000000000, -215.514953613,\
_   153.522109985,  153.560958862,  165.707519531,\
_   141.045364380,  303.315368652,  -20.000000000 )
_ set_view (\
_     1.000000000,    0.000000000,    0.000000000,\
_     0.000000000,    1.000000000,    0.000000000,\
_     0.000000000,    0.000000000,    1.000000000,\
_     0.000000000,    0.000000000, -209.049499512,\
_   153.522109985,  153.560958862,  165.707519531,\
_   134.379959106,  296.649963379,  -20.000000000 )
_ set_view (\
_     1.000000000,    0.000000000,    0.000000000,\
_     0.000000000,    1.000000000,    0.000000000,\
_     0.000000000,    0.000000000,    1.000000000,\
_     0.000000000,    0.000000000, -202.778015137,\
_   153.522109985,  153.560958862,  165.707519531,\
_   127.914512634,  290.184509277,  -20.000000000 )
_ set_view (\
_     1.000000000,    0.000000000,    0.000000000,\
_     0.000000000,    1.000000000,    0.000000000,\
_     0.000000000,    0.000000000,    1.000000000,\
_     0.000000000,    0.000000000, -194.159942627,\
_   153.522109985,  153.560958862,  165.707519531,\
_   121.643028259,  283.913024902,  -20.000000000 )
_ set_view (\
_     1.000000000,    0.000000000,    0.000000000,\
_     0.000000000,    1.000000000,    0.000000000,\
_     0.000000000,    0.000000000,    1.000000000,\
_     0.000000000,    0.000000000, -190.762145996,\
_   153.522109985,  153.560958862,  165.707519531,\
_   113.024963379,  275.294952393,  -20.000000000 )
_ set_view (\
_     1.000000000,    0.000000000,    0.000000000,\
_     0.000000000,    1.000000000,    0.000000000,\
_     0.000000000,    0.000000000,    1.000000000,\
_     0.000000000,    0.000000000, -188.854522705,\
_   153.522109985,  153.560958862,  165.707519531,\
_   109.627166748,  271.897155762,  -20.000000000 )
_ set_view (\
_     1.000000000,    0.000000000,    0.000000000,\
_     0.000000000,    1.000000000,    0.000000000,\
_     0.000000000,    0.000000000,    1.000000000,\
_     0.000000000,    0.000000000, -187.910247803,\
_   153.522109985,  153.560958862,  165.707519531,\
_   107.719543457,  269.989532471,  -20.000000000 )
_ set_view (\
_     1.000000000,    0.000000000,    0.000000000,\
_     0.000000000,    1.000000000,    0.000000000,\
_     0.000000000,    0.000000000,    1.000000000,\
_     0.000000000,    0.000000000, -186.500915527,\
_   153.522109985,  153.560958862,  165.707519531,\
_   106.775268555,  269.045257568,  -20.000000000 )
_ set_view (\
_     1.000000000,    0.000000000,    0.000000000,\
_     0.000000000,    1.000000000,    0.000000000,\
_     0.000000000,    0.000000000,    1.000000000,\
_     0.000000000,    0.000000000, -185.568405151,\
_   153.522109985,  153.560958862,  165.707519531,\
_   105.365943909,  267.635925293,  -20.000000000 )
_ set_view (\
_     1.000000000,    0.000000000,    0.000000000,\
_     0.000000000,    1.000000000,    0.000000000,\
_     0.000000000,    0.000000000,    1.000000000,\
_     0.000000000,    0.000000000, -184.640563965,\
_   153.522109985,  153.560958862,  165.707519531,\
_   104.433441162,  266.703430176,  -20.000000000 )
_ set_view (\
_     0.999995768,   -0.002915178,    0.000000000,\
_     0.002915178,    0.999995768,    0.000000000,\
_     0.000000000,    0.000000000,    1.000000000,\
_     0.000000000,    0.000000000, -184.640563965,\
_   153.522109985,  153.560958862,  165.707519531,\
_  -27292.326171875, 27661.609375000,  -20.000000000 )
_ set_view (\
_     0.999983013,   -0.005830331,    0.000000000,\
_     0.005830331,    0.999983013,    0.000000000,\
_     0.000000000,    0.000000000,    1.000000000,\
_     0.000000000,    0.000000000, -184.640563965,\
_   153.522109985,  153.560958862,  165.707519531,\
_  -27292.326171875, 27661.609375000,  -20.000000000 )
_ set_view (\
_     0.999969959,   -0.007753103,    0.000000000,\
_     0.007753103,    0.999969959,    0.000000000,\
_     0.000000000,    0.000000000,    1.000000000,\
_     0.000000000,    0.000000000, -184.640563965,\
_   153.522109985,  153.560958862,  165.707519531,\
_  -27292.326171875, 27661.609375000,  -20.000000000 )
_ set_view (\
_     0.999953210,   -0.009675846,    0.000000000,\
_     0.009675846,    0.999953210,    0.000000000,\
_     0.000000000,    0.000000000,    1.000000000,\
_     0.000000000,    0.000000000, -184.640563965,\
_   153.522109985,  153.560958862,  165.707519531,\
_  -27292.326171875, 27661.609375000,  -20.000000000 )
_ set_view (\
_     0.999906540,   -0.013672395,    0.000000000,\
_     0.013672395,    0.999906540,    0.000000000,\
_     0.000000000,    0.000000000,    1.000000000,\
_     0.000000000,    0.000000000, -184.640563965,\
_   153.522109985,  153.560958862,  165.707519531,\
_  -27292.326171875, 27661.609375000,  -20.000000000 )
_ set_view (\
_     0.999843895,   -0.017668724,    0.000000000,\
_     0.017668724,    0.999843895,    0.000000000,\
_     0.000000000,    0.000000000,    1.000000000,\
_     0.000000000,    0.000000000, -184.640563965,\
_   153.522109985,  153.560958862,  165.707519531,\
_  -27292.326171875, 27661.609375000,  -20.000000000 )
_ set_view (\
_     0.999898314,   -0.014258803,    0.000000000,\
_     0.014258803,    0.999898314,    0.000000000,\
_     0.000000000,    0.000000000,    1.000000000,\
_     0.000000000,    0.000000000, -184.640563965,\
_   153.522109985,  153.560958862,  165.707519531,\
_  -27292.326171875, 27661.609375000,  -20.000000000 )
_ set_view (\
_     0.999941111,   -0.010848715,    0.000000000,\
_     0.010848715,    0.999941111,    0.000000000,\
_     0.000000000,    0.000000000,    1.000000000,\
_     0.000000000,    0.000000000, -184.640563965,\
_   153.522109985,  153.560958862,  165.707519531,\
_  -27292.326171875, 27661.609375000,  -20.000000000 )
_ set_view (\
_     0.997309923,   -0.010487222,    0.072545744,\
_     0.009780118,    0.999901175,    0.010095356,\
_    -0.072644457,   -0.009358695,    0.997313976,\
_     0.000000000,    0.000000000, -184.640563965,\
_   153.522109985,  153.560958862,  165.707519531,\
_  -27292.326171875, 27661.609375000,  -20.000000000 )
_ set_view (\
_     0.989415228,   -0.010805628,    0.144708842,\
_     0.007981015,    0.999766350,    0.020085590,\
_    -0.144892097,   -0.018718068,    0.989270389,\
_     0.000000000,    0.000000000, -184.640563965,\
_   153.522109985,  153.560958862,  165.707519531,\
_  -27292.326171875, 27661.609375000,  -20.000000000 )
_ set_view (\
_     0.977985680,   -0.010012517,    0.208431676,\
_     0.004163729,    0.999585569,    0.028480809,\
_    -0.208630517,   -0.026985973,    0.977622151,\
_     0.000000000,    0.000000000, -184.640563965,\
_   153.522109985,  153.560958862,  165.707519531,\
_  -27292.326171875, 27661.609375000,  -20.000000000 )
_ set_view (\
_     0.964248180,   -0.008878083,    0.264852136,\
_    -0.000538454,    0.999370873,    0.035460193,\
_    -0.265000373,   -0.034335040,    0.963636816,\
_     0.000000000,    0.000000000, -184.640563965,\
_   153.522109985,  153.560958862,  165.707519531,\
_  -27292.326171875, 27661.609375000,  -20.000000000 )
_ set_view (\
_     0.948400855,   -0.010385039,    0.316903830,\
_    -0.003337892,    0.999081075,    0.042729545,\
_    -0.317056417,   -0.041582532,    0.947494686,\
_     0.000000000,    0.000000000, -184.640563965,\
_   153.522109985,  153.560958862,  165.707519531,\
_  -27292.326171875, 27661.609375000,  -20.000000000 )
_ set_view (\
_     0.929743648,   -0.012284202,    0.368002653,\
_    -0.006528808,    0.998736203,    0.049833309,\
_    -0.368149787,   -0.048734829,    0.928488374,\
_     0.000000000,    0.000000000, -184.640563965,\
_   153.522109985,  153.560958862,  165.707519531,\
_  -27292.326171875, 27661.609375000,  -20.000000000 )
_ set_view (\
_     0.916543722,   -0.011702243,    0.399763256,\
_    -0.010466894,    0.998527527,    0.053227436,\
_    -0.399797559,   -0.052969564,    0.915071607,\
_     0.000000000,    0.000000000, -184.640563965,\
_   153.522109985,  153.560958862,  165.707519531,\
_  -27292.326171875, 27661.609375000,  -20.000000000 )
_ set_view (\
_     0.909557402,   -0.011401065,    0.415421724,\
_    -0.012528842,    0.998416901,    0.054832734,\
_    -0.415389270,   -0.055078294,    0.907974660,\
_     0.000000000,    0.000000000, -184.640563965,\
_   153.522109985,  153.560958862,  165.707519531,\
_  -27292.326171875, 27661.609375000,  -20.000000000 )
_ set_view (\
_     0.907072842,   -0.014210883,    0.420733601,\
_    -0.010782360,    0.998317838,    0.056965631,\
_    -0.420835435,   -0.056208495,    0.905393779,\
_     0.000000000,    0.000000000, -184.640563965,\
_   153.522109985,  153.560958862,  165.707519531,\
_  -27292.326171875, 27661.609375000,  -20.000000000 )
_ set_view (\
_     0.904551268,   -0.017027188,    0.426024556,\
_    -0.009048661,    0.998210430,    0.059108526,\
_    -0.426268697,   -0.057321664,    0.902778447,\
_     0.000000000,    0.000000000, -184.640563965,\
_   153.522109985,  153.560958862,  165.707519531,\
_  -27292.326171875, 27661.609375000,  -20.000000000 )
_ set_view (\
_     0.899628162,   -0.016835526,    0.436331987,\
_    -0.010492476,    0.998134315,    0.060145568,\
_    -0.436530650,   -0.058686867,    0.897773147,\
_     0.000000000,    0.000000000, -184.640563965,\
_   153.522109985,  153.560958862,  165.707519531,\
_  -27292.326171875, 27661.609375000,  -20.000000000 )
_ set_view (\
_     0.892034590,   -0.016545247,    0.451663941,\
_    -0.012703833,    0.998016894,    0.061649125,\
_    -0.451788425,   -0.060731035,    0.890055478,\
_     0.000000000,    0.000000000, -184.640563965,\
_   153.522109985,  153.560958862,  165.707519531,\
_  -27292.326171875, 27661.609375000,  -20.000000000 )
_ set_view (\
_     0.886834323,   -0.016350266,    0.461798012,\
_    -0.014207462,    0.997936428,    0.062616505,\
_    -0.461869031,   -0.062091462,    0.884771943,\
_     0.000000000,    0.000000000, -184.640563965,\
_   153.522109985,  153.560958862,  165.707519531,\
_  -27292.326171875, 27661.609375000,  -20.000000000 )
_ set_view (\
_     0.878596485,   -0.019402906,    0.477170467,\
_    -0.013832608,    0.997721016,    0.066039197,\
_    -0.477364540,   -0.064622335,    0.876325727,\
_     0.000000000,    0.000000000, -184.640563965,\
_   153.522109985,  153.560958862,  165.707519531,\
_  -27292.326171875, 27661.609375000,  -20.000000000 )
_ set_view (\
_     0.870086491,   -0.022499176,    0.492385149,\
_    -0.013517994,    0.997492492,    0.069467105,\
_    -0.492713630,   -0.067098469,    0.867600560,\
_     0.000000000,    0.000000000, -184.640563965,\
_   153.522109985,  153.560958862,  165.707519531,\
_  -27292.326171875, 27661.609375000,  -20.000000000 )
_ set_view (\
_     0.864429891,   -0.022330800,    0.502257109,\
_    -0.015118711,    0.997406483,    0.070366226,\
_    -0.502526045,   -0.068420172,    0.861850262,\
_     0.000000000,    0.000000000, -184.640563965,\
_   153.522109985,  153.560958862,  165.707519531,\
_  -27292.326171875, 27661.609375000,  -20.000000000 )
_ set_view (\
_     0.858641863,   -0.025498370,    0.511941314,\
_    -0.014079287,    0.997211695,    0.073282465,\
_    -0.512382746,   -0.070131183,    0.855888605,\
_     0.000000000,    0.000000000, -184.640563965,\
_   153.522109985,  153.560958862,  165.707519531,\
_  -27292.326171875, 27661.609375000,  -20.000000000 )
_ set_view (\
_     0.852738619,   -0.028684884,    0.521549523,\
_    -0.013073327,    0.997005939,    0.076209672,\
_    -0.522174358,   -0.071805343,    0.849810421,\
_     0.000000000,    0.000000000, -184.640563965,\
_   153.522109985,  153.560958862,  165.707519531,\
_  -27292.326171875, 27661.609375000,  -20.000000000 )
_ set_view (\
_     0.846752822,   -0.028534809,    0.531220615,\
_    -0.014750554,    0.996917009,    0.077061951,\
_    -0.531782150,   -0.073088251,    0.843721330,\
_     0.000000000,    0.000000000, -184.640563965,\
_   153.522109985,  153.560958862,  165.707519531,\
_  -27292.326171875, 27661.609375000,  -20.000000000 )
_ set_view (\
_     0.837579250,   -0.028310172,    0.545581818,\
_    -0.017302392,    0.996780574,    0.078285500,\
_    -0.546042085,   -0.075010203,    0.834392846,\
_     0.000000000,    0.000000000, -184.640563965,\
_   153.522109985,  153.560958862,  165.707519531,\
_  -27292.326171875, 27661.609375000,  -20.000000000 )
_ set_view (\
_     0.827921927,   -0.031743035,    0.559944272,\
_    -0.017139558,    0.996498406,    0.081833288,\
_    -0.560581684,   -0.077348799,    0.824478745,\
_     0.000000000,    0.000000000, -184.640563965,\
_   153.522109985,  153.560958862,  165.707519531,\
_  -27292.326171875, 27661.609375000,  -20.000000000 )
_ set_view (\
_     0.818011105,   -0.035215721,    0.574123323,\
_    -0.017038867,    0.996202350,    0.085382253,\
_    -0.574950278,   -0.079626076,    0.814304411,\
_     0.000000000,    0.000000000, -184.640563965,\
_   153.522109985,  153.560958862,  165.707519531,\
_  -27292.326171875, 27661.609375000,  -20.000000000 )
_ set_view (\
_     0.808117807,   -0.035032324,    0.587978065,\
_    -0.019739769,    0.996058047,    0.086476460,\
_    -0.588690281,   -0.081489749,    0.804240644,\
_     0.000000000,    0.000000000, -184.640563965,\
_   153.522109985,  153.560958862,  165.707519531,\
_  -27292.326171875, 27661.609375000,  -20.000000000 )
_ set_view (\
_     0.801398456,   -0.034911204,    0.597110987,\
_    -0.021561038,    0.995959997,    0.087168247,\
_    -0.597742319,   -0.082730874,    0.797408044,\
_     0.000000000,    0.000000000, -184.640563965,\
_   153.522109985,  153.560958862,  165.707519531,\
_  -27292.326171875, 27661.609375000,  -20.000000000 )
_ set_view (\
_     0.794593871,   -0.038457755,    0.605921984,\
_    -0.020666914,    0.995700061,    0.090299010,\
_    -0.606789708,   -0.084273621,    0.790382266,\
_     0.000000000,    0.000000000, -184.640563965,\
_   153.522109985,  153.560958862,  165.707519531,\
_  -27292.326171875, 27661.609375000,  -20.000000000 )
_ set_view (\
_     0.787684321,   -0.042020947,    0.614644110,\
_    -0.019808400,    0.995427847,    0.093438692,\
_    -0.615760684,   -0.085775346,    0.783250451,\
_     0.000000000,    0.000000000, -184.640563965,\
_   153.522109985,  153.560958862,  165.707519531,\
_  -27292.326171875, 27661.609375000,  -20.000000000 )
_ set_view (\
_     0.780660987,   -0.041918449,    0.623547196,\
_    -0.021701928,    0.995327771,    0.094081730,\
_    -0.624578059,   -0.086978152,    0.776103735,\
_     0.000000000,    0.000000000, -184.640563965,\
_   153.522109985,  153.560958862,  165.707519531,\
_  -27292.326171875, 27661.609375000,  -20.000000000 )
_ set_view (\
_     0.777113438,   -0.041867681,    0.627966285,\
_    -0.022654234,    0.995277166,    0.094391719,\
_    -0.628952920,   -0.087579206,    0.772494674,\
_     0.000000000,    0.000000000, -184.640563965,\
_   153.522109985,  153.560958862,  165.707519531,\
_  -27292.326171875, 27661.609375000,  -20.000000000 )
_ set_view (\
_     0.773542225,   -0.041817263,    0.632363617,\
_    -0.023610145,    0.995226264,    0.094693996,\
_    -0.633305132,   -0.088180035,    0.768861949,\
_     0.000000000,    0.000000000, -184.640563965,\
_   153.522109985,  153.560958862,  165.707519531,\
_  -27292.326171875, 27661.609375000,  -20.000000000 )
_ set_view (\
_     0.773189306,   -0.045378435,    0.632549584,\
_    -0.021113481,    0.995041668,    0.097190954,\
_    -0.633823991,   -0.088502370,    0.768397212,\
_     0.000000000,    0.000000000, -184.640563965,\
_   153.522109985,  153.560958862,  165.707519531,\
_  -27292.326171875, 27661.609375000,  -20.000000000 )
_ set_view (\
_     0.769584656,   -0.045329954,    0.636933625,\
_    -0.022075618,    0.994991958,    0.097485736,\
_    -0.638163328,   -0.089084275,    0.764729619,\
_     0.000000000,    0.000000000, -184.640563965,\
_   153.522109985,  153.560958862,  165.707519531,\
_  -27292.326171875, 27661.609375000,  -20.000000000 )
_ set_view (\
_     0.769231617,   -0.048898790,    0.637096107,\
_    -0.019585097,    0.994794607,    0.100000098,\
_    -0.638670087,   -0.089400865,    0.764269471,\
_     0.000000000,    0.000000000, -184.640563965,\
_   153.522109985,  153.560958862,  165.707519531,\
_  -27292.326171875, 27661.609375000,  -20.000000000 )
_ set_view (\
_     0.769584715,   -0.045329958,    0.636933625,\
_    -0.022075616,    0.994992077,    0.097485736,\
_    -0.638163328,   -0.089084275,    0.764729619,\
_     0.000000000,    0.000000000, -184.640563965,\
_   153.522109985,  153.560958862,  165.707519531,\
_  -27292.326171875, 27661.609375000,  -20.000000000 )
_ set_view (\
_     0.773189306,   -0.045378435,    0.632549584,\
_    -0.021113478,    0.995041788,    0.097190954,\
_    -0.633824050,   -0.088502370,    0.768397212,\
_     0.000000000,    0.000000000, -184.640563965,\
_   153.522109985,  153.560958862,  165.707519531,\
_  -27292.326171875, 27661.609375000,  -20.000000000 )
_ set_view (\
_     0.776718736,   -0.041889943,    0.628453016,\
_    -0.022745421,    0.995269597,    0.094451822,\
_    -0.629437089,   -0.087656997,    0.772091389,\
_     0.000000000,    0.000000000, -184.640563965,\
_   153.522109985,  153.560958862,  165.707519531,\
_  -27292.326171875, 27661.609375000,  -20.000000000 )
_ set_view (\
_     0.780218244,   -0.038405653,    0.624327242,\
_    -0.024392745,    0.995486021,    0.091720983,\
_    -0.625031948,   -0.086791530,    0.775759101,\
_     0.000000000,    0.000000000, -184.640563965,\
_   153.522109985,  153.560958862,  165.707519531,\
_  -27292.326171875, 27661.609375000,  -20.000000000 )
_ set_view (\
_     0.779874861,   -0.041957952,    0.624527633,\
_    -0.021887431,    0.995312691,    0.094200321,\
_    -0.625553012,   -0.087133870,    0.775300622,\
_     0.000000000,    0.000000000, -184.640563965,\
_   153.522109985,  153.560958862,  165.707519531,\
_  -27292.326171875, 27661.609375000,  -20.000000000 )
_ set_view (\
_     0.779530466,   -0.045510240,    0.624708772,\
_    -0.019381151,    0.995126903,    0.096679665,\
_    -0.626064658,   -0.087472424,    0.774849415,\
_     0.000000000,    0.000000000, -184.640563965,\
_   153.522109985,  153.560958862,  165.707519531,\
_  -27292.326171875, 27661.609375000,  -20.000000000 )
_ set_view (\
_     0.779185176,   -0.049062449,    0.624870658,\
_    -0.016873898,    0.994928658,    0.099158935,\
_    -0.626566827,   -0.087807283,    0.774405479,\
_     0.000000000,    0.000000000, -184.640563965,\
_   153.522109985,  153.560958862,  165.707519531,\
_  -27292.326171875, 27661.609375000,  -20.000000000 )
_ set_view (\
_     0.779530466,   -0.045510236,    0.624708831,\
_    -0.019381147,    0.995127022,    0.096679665,\
_    -0.626064599,   -0.087472431,    0.774849415,\
_     0.000000000,    0.000000000, -184.640563965,\
_   153.522109985,  153.560958862,  165.707519531,\
_  -27292.326171875, 27661.609375000,  -20.000000000 )
_ set_view (\
_     0.775959134,   -0.045460261,    0.629142821,\
_    -0.020327140,    0.995079577,    0.096972562,\
_    -0.630455673,   -0.088035539,    0.771216750,\
_     0.000000000,    0.000000000, -184.640563965,\
_   153.522109985,  153.560958862,  165.707519531,\
_  -27292.326171875, 27661.609375000,  -20.000000000 )
_ set_view (\
_     0.772363901,   -0.045410652,    0.633554935,\
_    -0.021276502,    0.995031893,    0.097257927,\
_    -0.634823978,   -0.088598460,    0.767560184,\
_     0.000000000,    0.000000000, -184.640563965,\
_   153.522109985,  153.560958862,  165.707519531,\
_  -27292.326171875, 27661.609375000,  -20.000000000 )
_ set_view (\
_     0.772706807,   -0.041842867,    0.633382499,\
_    -0.023768615,    0.995218098,    0.094743595,\
_    -0.634318054,   -0.088263758,    0.768016875,\
_     0.000000000,    0.000000000, -184.640563965,\
_   153.522109985,  153.560958862,  165.707519531,\
_  -27292.326171875, 27661.609375000,  -20.000000000 )
_ set_view (\
_     0.769097328,   -0.041791983,    0.637763858,\
_    -0.024718596,    0.995168507,    0.095021158,\
_    -0.638653576,   -0.088845260,    0.764348030,\
_     0.000000000,    0.000000000, -184.640563965,\
_   153.522109985,  153.560958862,  165.707519531,\
_  -27292.326171875, 27661.609375000,  -20.000000000 )
_ set_view (\
_     0.769438624,   -0.038216341,    0.637576401,\
_    -0.027202623,    0.995342195,    0.092489421,\
_    -0.638141334,   -0.088508800,    0.764814794,\
_     0.000000000,    0.000000000, -184.640563965,\
_   153.522109985,  153.560958862,  165.707519531,\
_  -27292.326171875, 27661.609375000,  -20.000000000 )
_ set_view (\
_     0.765815318,   -0.038164236,    0.641927063,\
_    -0.028153161,    0.995290637,    0.092759162,\
_    -0.642444134,   -0.089108780,    0.761134028,\
_     0.000000000,    0.000000000, -184.640563965,\
_   153.522109985,  153.560958862,  165.707519531,\
_  -27292.326171875, 27661.609375000,  -20.000000000 )
_ set_view (\
_     0.762964845,   -0.034580089,    0.645514369,\
_    -0.031424899,    0.995403826,    0.090466201,\
_    -0.645675838,   -0.089307882,    0.758371115,\
_     0.000000000,    0.000000000, -184.640563965,\
_   153.522109985,  153.560958862,  165.707519531,\
_  -27292.326171875, 27661.609375000,  -20.000000000 )
_ set_view (\
_     0.760087669,   -0.030996397,    0.649080813,\
_    -0.034686383,    0.995502591,    0.088158019,\
_    -0.648894191,   -0.089522220,    0.755593777,\
_     0.000000000,    0.000000000, -184.640563965,\
_   153.522109985,  153.560958862,  165.707519531,\
_  -27292.326171875, 27661.609375000,  -20.000000000 )
_ set_view (\
_     0.756409109,   -0.030945910,    0.653366387,\
_    -0.035627604,    0.995448351,    0.088394649,\
_    -0.653127909,   -0.090140529,    0.751863301,\
_     0.000000000,    0.000000000, -184.640563965,\
_   153.522109985,  153.560958862,  165.707519531,\
_  -27292.326171875, 27661.609375000,  -20.000000000 )
_ set_view (\
_     0.756738722,   -0.027344920,    0.653145313,\
_    -0.038089361,    0.995583177,    0.085812196,\
_    -0.652606964,   -0.089815438,    0.752354383,\
_     0.000000000,    0.000000000, -184.640563965,\
_   153.522109985,  153.560958862,  165.707519531,\
_  -27292.326171875, 27661.609375000,  -20.000000000 )
_ set_view (\
_     0.753047287,   -0.027293365,    0.657400131,\
_    -0.039030869,    0.995526969,    0.086041011,\
_    -0.656807840,   -0.090451986,    0.748613238,\
_     0.000000000,    0.000000000, -184.640563965,\
_   153.522109985,  153.560958862,  165.707519531,\
_  -27292.326171875, 27661.609375000,  -20.000000000 )
_ set_view (\
_     0.753375292,   -0.023684530,    0.657164156,\
_    -0.041484464,    0.995648921,    0.083441637,\
_    -0.656281054,   -0.090125114,    0.749114513,\
_     0.000000000,    0.000000000, -184.640563965,\
_   153.522109985,  153.560958862,  165.707519531,\
_  -27292.326171875, 27661.609375000,  -20.000000000 )
_ set_view (\
_     0.749671340,   -0.023631953,    0.661388278,\
_    -0.042426214,    0.995590687,    0.083662614,\
_    -0.660449088,   -0.090779796,    0.745362937,\
_     0.000000000,    0.000000000, -184.640563965,\
_   153.522109985,  153.560958862,  165.707519531,\
_  -27292.326171875, 27661.609375000,  -20.000000000 )
_ set_view (\
_     0.749997854,   -0.020015270,    0.661137462,\
_    -0.044871628,    0.995699823,    0.081046432,\
_    -0.659916639,   -0.090451092,    0.745874345,\
_     0.000000000,    0.000000000, -184.640563965,\
_   153.522109985,  153.560958862,  165.707519531,\
_  -27292.326171875, 27661.609375000,  -20.000000000 )
_ set_view (\
_     0.746281683,   -0.019961709,    0.665330887,\
_    -0.045813549,    0.995639563,    0.081259541,\
_    -0.664051890,   -0.091123812,    0.742112815,\
_     0.000000000,    0.000000000, -184.640563965,\
_   153.522109985,  153.560958862,  165.707519531,\
_  -27292.326171875, 27661.609375000,  -20.000000000 )
_ set_view (\
_     0.742543519,   -0.019908613,    0.669501960,\
_    -0.046758574,    0.995578825,    0.081464849,\
_    -0.668163836,   -0.091796286,    0.738329470,\
_     0.000000000,    0.000000000, -184.640563965,\
_   153.522109985,  153.560958862,  165.707519531,\
_  -27292.326171875, 27661.609375000,  -20.000000000 )
_ set_view (\
_     0.742867768,   -0.016276013,    0.669240355,\
_    -0.049188431,    0.995675027,    0.078814916,\
_    -0.667628825,   -0.091468081,    0.738853991,\
_     0.000000000,    0.000000000, -184.640563965,\
_   153.522109985,  153.560958862,  165.707519531,\
_  -27292.326171875, 27661.609375000,  -20.000000000 )
_ set_view (\
_     0.739117861,   -0.016222004,    0.673380792,\
_    -0.050133470,    0.995612264,    0.079012312,\
_    -0.671707988,   -0.092158467,    0.735061228,\
_     0.000000000,    0.000000000, -184.640563965,\
_   153.522109985,  153.560958862,  165.707519531,\
_  -27292.326171875, 27661.609375000,  -20.000000000 )
_ set_view (\
_     0.735346317,   -0.016168514,    0.677498698,\
_    -0.051081512,    0.995549023,    0.079201847,\
_    -0.675763786,   -0.092848584,    0.731247008,\
_     0.000000000,    0.000000000, -184.640563965,\
_   153.522109985,  153.560958862,  165.707519531,\
_  -27292.326171875, 27661.609375000,  -20.000000000 )
_ set_view (\
_     0.731553197,   -0.016115557,    0.681593895,\
_    -0.052032489,    0.995485306,    0.079383515,\
_    -0.679796100,   -0.093538448,    0.727411509,\
_     0.000000000,    0.000000000, -184.640563965,\
_   153.522109985,  153.560958862,  165.707519531,\
_  -27292.326171875, 27661.609375000,  -20.000000000 )
_ set_view (\
_     0.727738678,   -0.016063139,    0.685666442,\
_    -0.052986339,    0.995421112,    0.079557315,\
_    -0.683804929,   -0.094228044,    0.723554909,\
_     0.000000000,    0.000000000, -184.640563965,\
_   153.522109985,  153.560958862,  165.707519531,\
_  -27292.326171875, 27661.609375000,  -20.000000000 )
_ set_view (\
_     0.723902881,   -0.016011266,    0.689716160,\
_    -0.053943001,    0.995356441,    0.079723224,\
_    -0.687790036,   -0.094917379,    0.719677269,\
_     0.000000000,    0.000000000, -184.640563965,\
_   153.522109985,  153.560958862,  165.707519531,\
_  -27292.326171875, 27661.609375000,  -20.000000000 )
_ set_view (\
_     0.720045924,   -0.015959961,    0.693742990,\
_    -0.054902405,    0.995291293,    0.079881236,\
_    -0.691751361,   -0.095606461,    0.715778708,\
