_ set_view (\
_     1.000000000,    0.000000000,    0.000000000,\
_     0.000000000,    1.000000000,    0.000000000,\
_     0.000000000,    0.000000000,    1.000000000,\
_     0.000000000,    0.000000000,  -50.000000000,\
_    -0.152858734,   41.695152283,  113.713684082,\
_    40.000000000,  100.000000000,  -20.000000000 )
_ set_view (\
_     1.000000000,    0.000000000,    0.000000000,\
_     0.000000000,    1.000000000,    0.000000000,\
_     0.000000000,    0.000000000,    1.000000000,\
_     0.000000000,    0.000000000, -295.061553955,\
_    -0.152858734,   41.695152283,  113.713684082,\
_   232.628784180,  357.494323730,  -20.000000000 )
_ set_view (\
_     1.000000000,    0.000000000,    0.000000000,\
_     0.000000000,    1.000000000,    0.000000000,\
_     0.000000000,    0.000000000,    1.000000000,\
_     0.000000000,    0.000000000, -295.061553955,\
_    -9.578872681,    2.828884125,   10.827743530,\
_   232.628784180,  357.494323730,  -20.000000000 )
_ set_view (\
_     1.000000000,    0.000000000,    0.000000000,\
_     0.000000000,    1.000000000,    0.000000000,\
_     0.000000000,    0.000000000,    1.000000000,\
_     0.000000000,    0.000000000, -435.771423340,\
_    -9.578872681,    2.828884125,   10.827743530,\
_   343.565521240,  527.977355957,  -20.000000000 )
_ set_view (\
_     1.000000000,    0.000000000,    0.000000000,\
_     0.000000000,    1.000000000,    0.000000000,\
_     0.000000000,    0.000000000,    1.000000000,\
_     0.000000000,    0.000000000, -435.771423340,\
_     5.243850708,    1.455326080,   -2.437557220,\
_   343.565521240,  527.977355957,  -20.000000000 )
_ set_view (\
_     1.000000000,    0.000000000,    0.000000000,\
_     0.000000000,    1.000000000,    0.000000000,\
_     0.000000000,    0.000000000,    1.000000000,\
_     0.000000000,    0.000000000, -379.228118896,\
_     5.243850708,    1.455326080,   -2.437557220,\
_   298.986328125,  459.469909668,  -20.000000000 )
_ set_view (\
_     1.000000000,    0.000000000,    0.000000000,\
_     0.000000000,    1.000000000,    0.000000000,\
_     0.000000000,    0.000000000,    1.000000000,\
_     0.000000000,    0.000000000, -379.228118896,\
_   -29.664710999,    9.262828827,   16.993705750,\
_   298.986328125,  459.469909668,  -20.000000000 )
_ set_view (\
_     1.000000000,    0.000000000,    0.000000000,\
_     0.000000000,    1.000000000,    0.000000000,\
_     0.000000000,    0.000000000,    1.000000000,\
_     0.000000000,    0.000000000, -235.169418335,\
_   -29.664710999,    9.262828827,   16.993705750,\
_   185.409362793,  284.929473877,  -20.000000000 )
_ set_view (\
_     1.000000000,    0.000000000,    0.000000000,\
_     0.000000000,    1.000000000,    0.000000000,\
_     0.000000000,    0.000000000,    1.000000000,\
_     0.000000000,    0.000000000, -235.169418335,\
_   -18.611534119,    2.654922485,  -20.414657593,\
_   185.409362793,  284.929473877,  -20.000000000 )
_ set_view (\
_     1.000000000,    0.000000000,    0.000000000,\
_     0.000000000,    1.000000000,    0.000000000,\
_     0.000000000,    0.000000000,    1.000000000,\
_     0.000000000,    0.000000000, -291.958038330,\
_   -18.611534119,    2.654922485,  -20.414657593,\
_   230.181945801,  353.734130859,  -20.000000000 )
_ set_view (\
_     1.000000000,    0.000000000,    0.000000000,\
_     0.000000000,    1.000000000,    0.000000000,\
_     0.000000000,    0.000000000,    1.000000000,\
_     0.000000000,    0.000000000, -291.958038330,\
_    17.244686127,   52.440952301,  102.538063049,\
_   230.181945801,  353.734130859,  -20.000000000 )
_ set_view (\
_     1.000000000,    0.000000000,    0.000000000,\
_     0.000000000,    1.000000000,    0.000000000,\
_     0.000000000,    0.000000000,    1.000000000,\
_     0.000000000,    0.000000000, -209.701705933,\
_    17.244686127,   52.440952301,  102.538063049,\
_   165.330429077,  254.072982788,  -20.000000000 )
_ set_view (\
_     1.000000000,    0.000000000,    0.000000000,\
_     0.000000000,    1.000000000,    0.000000000,\
_     0.000000000,    0.000000000,    1.000000000,\
_     0.000000000,    0.000000000, -209.701705933,\
_   -10.660858154,   46.068050385,    8.389118195,\
_   165.330429077,  254.072982788,  -20.000000000 )
_ set_view (\
_     1.000000000,    0.000000000,    0.000000000,\
_     0.000000000,    1.000000000,    0.000000000,\
_     0.000000000,    0.000000000,    1.000000000,\
_     0.000000000,    0.000000000, -242.038314819,\
_   -10.660858154,   46.068050385,    8.389118195,\
_   190.824859619,  293.251770020,  -20.000000000 )
_ set_view (\
_     1.000000000,    0.000000000,    0.000000000,\
_     0.000000000,    1.000000000,    0.000000000,\
_     0.000000000,    0.000000000,    1.000000000,\
_     0.000000000,    0.000000000, -245.668884277,\
_   -10.660858154,   46.068050385,    8.389118195,\
_   190.824859619,  293.251770020,  -20.000000000 )
_ set_view (\
_     1.000000000,    0.000000000,    0.000000000,\
_     0.000000000,    1.000000000,    0.000000000,\
_     0.000000000,    0.000000000,    1.000000000,\
_     0.000000000,    0.000000000, -252.424774170,\
_   -10.660858154,   46.068050385,    8.389118195,\
_   194.455429077,  296.882354736,  -20.000000000 )
_ set_view (\
_     1.000000000,    0.000000000,    0.000000000,\
_     0.000000000,    1.000000000,    0.000000000,\
_     0.000000000,    0.000000000,    1.000000000,\
_     0.000000000,    0.000000000, -259.366455078,\
_   -10.660858154,   46.068050385,    8.389118195,\
_   201.211318970,  303.638244629,  -20.000000000 )
_ set_view (\
_     1.000000000,    0.000000000,    0.000000000,\
_     0.000000000,    1.000000000,    0.000000000,\
_     0.000000000,    0.000000000,    1.000000000,\
_     0.000000000,    0.000000000, -264.553771973,\
_   -10.660858154,   46.068050385,    8.389118195,\
_   208.152999878,  310.579925537,  -20.000000000 )
_ set_view (\
_     1.000000000,    0.000000000,    0.000000000,\
_     0.000000000,    1.000000000,    0.000000000,\
_     0.000000000,    0.000000000,    1.000000000,\
_     0.000000000,    0.000000000, -273.151763916,\
_   -10.660858154,   46.068050385,    8.389118195,\
_   213.340332031,  315.767242432,  -20.000000000 )
_ set_view (\
_     1.000000000,    0.000000000,    0.000000000,\
_     0.000000000,    1.000000000,    0.000000000,\
_     0.000000000,    0.000000000,    1.000000000,\
_     0.000000000,    0.000000000, -282.712066650,\
_   -10.660858154,   46.068050385,    8.389118195,\
_   221.938323975,  324.365234375,  -20.000000000 )
_ set_view (\
_     1.000000000,    0.000000000,    0.000000000,\
_     0.000000000,    1.000000000,    0.000000000,\
_     0.000000000,    0.000000000,    1.000000000,\
_     0.000000000,    0.000000000, -291.193420410,\
_   -10.660858154,   46.068050385,    8.389118195,\
_   231.498641968,  333.925537109,  -20.000000000 )
_ set_view (\
_     1.000000000,    0.000000000,    0.000000000,\
_     0.000000000,    1.000000000,    0.000000000,\
_     0.000000000,    0.000000000,    1.000000000,\
_     0.000000000,    0.000000000, -306.481079102,\
_   -10.660858154,   46.068050385,    8.389118195,\
_   239.980010986,  342.406890869,  -20.000000000 )
_ set_view (\
_     1.000000000,    0.000000000,    0.000000000,\
_     0.000000000,    1.000000000,    0.000000000,\
_     0.000000000,    0.000000000,    1.000000000,\
_     0.000000000,    0.000000000, -315.675506592,\
_   -10.660858154,   46.068050385,    8.389118195,\
_   255.267669678,  357.694549561,  -20.000000000 )
_ set_view (\
_     1.000000000,    0.000000000,    0.000000000,\
_     0.000000000,    1.000000000,    0.000000000,\
_     0.000000000,    0.000000000,    1.000000000,\
_     0.000000000,    0.000000000, -326.724151611,\
_   -10.660858154,   46.068050385,    8.389118195,\
_   264.462097168,  366.888977051,  -20.000000000 )
_ set_view (\
_     1.000000000,    0.000000000,    0.000000000,\
_     0.000000000,    1.000000000,    0.000000000,\
_     0.000000000,    0.000000000,    1.000000000,\
_     0.000000000,    0.000000000, -335.709075928,\
_   -10.660858154,   46.068050385,    8.389118195,\
_   275.510742188,  377.937622070,  -20.000000000 )
_ set_view (\
_     1.000000000,    0.000000000,    0.000000000,\
_     0.000000000,    1.000000000,    0.000000000,\
_     0.000000000,    0.000000000,    1.000000000,\
_     0.000000000,    0.000000000, -346.619628906,\
_   -10.660858154,   46.068050385,    8.389118195,\
_   284.495666504,  386.922546387,  -20.000000000 )
_ set_view (\
_     1.000000000,    0.000000000,    0.000000000,\
_     0.000000000,    1.000000000,    0.000000000,\
_     0.000000000,    0.000000000,    1.000000000,\
_     0.000000000,    0.000000000, -363.950622559,\
_   -10.660858154,   46.068050385,    8.389118195,\
_   295.406219482,  397.833099365,  -20.000000000 )
_ set_view (\
_     1.000000000,    0.000000000,    0.000000000,\
_     0.000000000,    1.000000000,    0.000000000,\
_     0.000000000,    0.000000000,    1.000000000,\
_     0.000000000,    0.000000000, -369.409881592,\
_   -10.660858154,   46.068050385,    8.389118195,\
_   312.737213135,  415.164093018,  -20.000000000 )
_ set_view (\
_     1.000000000,    0.000000000,    0.000000000,\
_     0.000000000,    1.000000000,    0.000000000,\
_     0.000000000,    0.000000000,    1.000000000,\
_     0.000000000,    0.000000000, -377.721618652,\
_   -10.660858154,   46.068050385,    8.389118195,\
_   318.196472168,  420.623352051,  -20.000000000 )
_ set_view (\
_     1.000000000,    0.000000000,    0.000000000,\
_     0.000000000,    1.000000000,    0.000000000,\
_     0.000000000,    0.000000000,    1.000000000,\
_     0.000000000,    0.000000000, -384.331756592,\
_   -10.660858154,   46.068050385,    8.389118195,\
_   326.508209229,  428.935089111,  -20.000000000 )
_ set_view (\
_     1.000000000,    0.000000000,    0.000000000,\
_     0.000000000,    1.000000000,    0.000000000,\
_     0.000000000,    0.000000000,    1.000000000,\
_     0.000000000,    0.000000000, -388.175079346,\
_   -10.660858154,   46.068050385,    8.389118195,\
_   333.118347168,  435.545227051,  -20.000000000 )
_ set_view (\
_     1.000000000,    0.000000000,    0.000000000,\
_     0.000000000,    1.000000000,    0.000000000,\
_     0.000000000,    0.000000000,    1.000000000,\
_     0.000000000,    0.000000000, -393.997711182,\
_   -10.660858154,   46.068050385,    8.389118195,\
_   336.961669922,  439.388549805,  -20.000000000 )
_ set_view (\
_     1.000000000,    0.000000000,    0.000000000,\
_     0.000000000,    1.000000000,    0.000000000,\
_     0.000000000,    0.000000000,    1.000000000,\
_     0.000000000,    0.000000000, -395.967712402,\
_   -10.660858154,   46.068050385,    8.389118195,\
_   342.784301758,  445.211181641,  -20.000000000 )
_ set_view (\
_     1.000000000,    0.000000000,    0.000000000,\
_     0.000000000,    1.000000000,    0.000000000,\
_     0.000000000,    0.000000000,    1.000000000,\
_     0.000000000,    0.000000000, -396.957641602,\
_   -10.660858154,   46.068050385,    8.389118195,\
_   344.754302979,  447.181182861,  -20.000000000 )
_ set_view (\
_     1.000000000,    0.000000000,    0.000000000,\
_     0.000000000,    1.000000000,    0.000000000,\
_     0.000000000,    0.000000000,    1.000000000,\
_     0.000000000,    0.000000000, -397.950042725,\
_   -10.660858154,   46.068050385,    8.389118195,\
_   345.744232178,  448.171112061,  -20.000000000 )
_ set_view (\
_     1.000000000,    0.000000000,    0.000000000,\
_     0.000000000,    1.000000000,    0.000000000,\
_     0.000000000,    0.000000000,    1.000000000,\
_     0.000000000,    0.000000000, -399.939788818,\
_   -10.660858154,   46.068050385,    8.389118195,\
_   346.736633301,  449.163513184,  -20.000000000 )
_ set_view (\
_     1.000000000,    0.000000000,    0.000000000,\
_     0.000000000,    1.000000000,    0.000000000,\
_     0.000000000,    0.000000000,    1.000000000,\
_     0.000000000,    0.000000000, -400.939636230,\
_   -10.660858154,   46.068050385,    8.389118195,\
_   348.726379395,  451.153259277,  -20.000000000 )
_ set_view (\
_     1.000000000,    0.000000000,    0.000000000,\
_     0.000000000,    1.000000000,    0.000000000,\
_     0.000000000,    0.000000000,    1.000000000,\
_     0.000000000,    0.000000000, -402.944335938,\
_   -10.660858154,   46.068050385,    8.389118195,\
_   349.726226807,  452.153106689,  -20.000000000 )
_ set_view (\
_     1.000000000,    0.000000000,    0.000000000,\
_     0.000000000,    1.000000000,    0.000000000,\
_     0.000000000,    0.000000000,    1.000000000,\
_     0.000000000,    0.000000000, -405.966430664,\
_   -10.660858154,   46.068050385,    8.389118195,\
_   351.730926514,  454.157806396,  -20.000000000 )
_ set_view (\
_     1.000000000,    0.000000000,    0.000000000,\
_     0.000000000,    1.000000000,    0.000000000,\
_     0.000000000,    0.000000000,    1.000000000,\
_     0.000000000,    0.000000000, -412.055938721,\
_   -10.660858154,   46.068050385,    8.389118195,\
_   354.753021240,  457.179901123,  -20.000000000 )
_ set_view (\
_     1.000000000,    0.000000000,    0.000000000,\
_     0.000000000,    1.000000000,    0.000000000,\
_     0.000000000,    0.000000000,    1.000000000,\
_     0.000000000,    0.000000000, -418.236785889,\
_   -10.660858154,   46.068050385,    8.389118195,\
_   360.842529297,  463.269409180,  -20.000000000 )
_ set_view (\
_     1.000000000,    0.000000000,    0.000000000,\
_     0.000000000,    1.000000000,    0.000000000,\
_     0.000000000,    0.000000000,    1.000000000,\
_     0.000000000,    0.000000000, -427.647125244,\
_   -10.660858154,   46.068050385,    8.389118195,\
_   367.023376465,  469.450256348,  -20.000000000 )
_ set_view (\
_     1.000000000,    0.000000000,    0.000000000,\
_     0.000000000,    1.000000000,    0.000000000,\
_     0.000000000,    0.000000000,    1.000000000,\
_     0.000000000,    0.000000000, -438.338317871,\
_   -10.660858154,   46.068050385,    8.389118195,\
_   376.433715820,  478.860595703,  -20.000000000 )
_ set_view (\
_     1.000000000,    0.000000000,    0.000000000,\
_     0.000000000,    1.000000000,    0.000000000,\
_     0.000000000,    0.000000000,    1.000000000,\
_     0.000000000,    0.000000000, -453.680145264,\
_   -10.660858154,   46.068050385,    8.389118195,\
_   387.124908447,  489.551788330,  -20.000000000 )
_ set_view (\
_     1.000000000,    0.000000000,    0.000000000,\
_     0.000000000,    1.000000000,    0.000000000,\
_     0.000000000,    0.000000000,    1.000000000,\
_     0.000000000,    0.000000000, -461.619537354,\
_   -10.660858154,   46.068050385,    8.389118195,\
_   402.466735840,  504.893615723,  -20.000000000 )
_ set_view (\
_     1.000000000,    0.000000000,    0.000000000,\
_     0.000000000,    1.000000000,    0.000000000,\
_     0.000000000,    0.000000000,    1.000000000,\
_     0.000000000,    0.000000000, -469.697875977,\
_   -10.660858154,   46.068050385,    8.389118195,\
_   410.406127930,  512.833007812,  -20.000000000 )
_ set_view (\
_     1.000000000,    0.000000000,    0.000000000,\
_     0.000000000,    1.000000000,    0.000000000,\
_     0.000000000,    0.000000000,    1.000000000,\
_     0.000000000,    0.000000000, -474.394866943,\
_   -10.660858154,   46.068050385,    8.389118195,\
_   418.484466553,  520.911376953,  -20.000000000 )
_ set_view (\
_     1.000000000,    0.000000000,    0.000000000,\
_     0.000000000,    1.000000000,    0.000000000,\
_     0.000000000,    0.000000000,    1.000000000,\
_     0.000000000,    0.000000000, -479.138824463,\
_   -10.660858154,   46.068050385,    8.389118195,\
_   423.181457520,  525.608337402,  -20.000000000 )
_ set_view (\
_     1.000000000,    0.000000000,    0.000000000,\
_     0.000000000,    1.000000000,    0.000000000,\
_     0.000000000,    0.000000000,    1.000000000,\
_     0.000000000,    0.000000000, -486.325897217,\
_   -10.660858154,   46.068050385,    8.389118195,\
_   427.925415039,  530.352294922,  -20.000000000 )
_ set_view (\
_     1.000000000,    0.000000000,    0.000000000,\
_     0.000000000,    1.000000000,    0.000000000,\
_     0.000000000,    0.000000000,    1.000000000,\
_     0.000000000,    0.000000000, -487.541717529,\
_   -10.660858154,   46.068050385,    8.389118195,\
_   435.112487793,  537.539367676,  -20.000000000 )
_ set_view (\
_     1.000000000,    0.000000000,    0.000000000,\
_     0.000000000,    1.000000000,    0.000000000,\
_     0.000000000,    0.000000000,    1.000000000,\
_     0.000000000,    0.000000000, -489.979431152,\
_   -10.660858154,   46.068050385,    8.389118195,\
_   436.328308105,  538.755187988,  -20.000000000 )
_ set_view (\
_     1.000000000,    0.000000000,    0.000000000,\
_     0.000000000,    1.000000000,    0.000000000,\
_     0.000000000,    0.000000000,    1.000000000,\
_     0.000000000,    0.000000000, -491.204376221,\
_   -10.660858154,   46.068050385,    8.389118195,\
_   438.766021729,  541.192871094,  -20.000000000 )
_ set_view (\
_     1.000000000,    0.000000000,    0.000000000,\
_     0.000000000,    1.000000000,    0.000000000,\
_     0.000000000,    0.000000000,    1.000000000,\
_     0.000000000,    0.000000000, -492.432373047,\
_   -10.660858154,   46.068050385,    8.389118195,\
_   439.990966797,  542.417846680,  -20.000000000 )
_ set_view (\
_     1.000000000,    0.000000000,    0.000000000,\
_     0.000000000,    1.000000000,    0.000000000,\
_     0.000000000,    0.000000000,    1.000000000,\
_     0.000000000,    0.000000000, -493.663452148,\
_   -10.660858154,   46.068050385,    8.389118195,\
_   441.218963623,  543.645874023,  -20.000000000 )
_ set_view (\
_     1.000000000,    0.000000000,    0.000000000,\
_     0.000000000,    1.000000000,    0.000000000,\
_     0.000000000,    0.000000000,    1.000000000,\
_     0.000000000,    0.000000000, -494.897613525,\
_   -10.660858154,   46.068050385,    8.389118195,\
_   442.450042725,  544.876953125,  -20.000000000 )
_ set_view (\
_     1.000000000,    0.000000000,    0.000000000,\
_     0.000000000,    1.000000000,    0.000000000,\
_     0.000000000,    0.000000000,    1.000000000,\
_     0.000000000,    0.000000000, -496.134857178,\
_   -10.660858154,   46.068050385,    8.389118195,\
_   443.684204102,  546.111083984,  -20.000000000 )
_ set_view (\
_     1.000000000,    0.000000000,    0.000000000,\
_     0.000000000,    1.000000000,    0.000000000,\
_     0.000000000,    0.000000000,    1.000000000,\
_     0.000000000,    0.000000000, -497.375183105,\
_   -10.660858154,   46.068050385,    8.389118195,\
_   444.921447754,  547.348327637,  -20.000000000 )
_ set_view (\
_     1.000000000,    0.000000000,    0.000000000,\
_     0.000000000,    1.000000000,    0.000000000,\
_     0.000000000,    0.000000000,    1.000000000,\
_     0.000000000,    0.000000000, -498.618621826,\
_   -10.660858154,   46.068050385,    8.389118195,\
_   446.161773682,  548.588684082,  -20.000000000 )
_ set_view (\
_     1.000000000,    0.000000000,    0.000000000,\
_     0.000000000,    1.000000000,    0.000000000,\
_     0.000000000,    0.000000000,    1.000000000,\
_     0.000000000,    0.000000000, -499.865173340,\
_   -10.660858154,   46.068050385,    8.389118195,\
_   447.405212402,  549.832092285,  -20.000000000 )
_ set_view (\
_     1.000000000,    0.000000000,    0.000000000,\
_     0.000000000,    1.000000000,    0.000000000,\
_     0.000000000,    0.000000000,    1.000000000,\
_     0.000000000,    0.000000000, -502.364501953,\
_   -10.660858154,   46.068050385,    8.389118195,\
_   448.651763916,  551.078613281,  -20.000000000 )
_ set_view (\
_     1.000000000,    0.000000000,    0.000000000,\
_     0.000000000,    1.000000000,    0.000000000,\
_     0.000000000,    0.000000000,    1.000000000,\
_     0.000000000,    0.000000000, -504.876312256,\
_   -10.660858154,   46.068050385,    8.389118195,\
_   451.151092529,  553.577941895,  -20.000000000 )
_ set_view (\
_     1.000000000,    0.000000000,    0.000000000,\
_     0.000000000,    1.000000000,    0.000000000,\
_     0.000000000,    0.000000000,    1.000000000,\
_     0.000000000,    0.000000000, -506.138488770,\
_   -10.660858154,   46.068050385,    8.389118195,\
_   453.662902832,  556.089782715,  -20.000000000 )
_ set_view (\
_     0.999803483,    0.017165329,   -0.009919630,\
_    -0.017570283,    0.998950839,   -0.042291690,\
_     0.009183288,    0.042457666,    0.999056101,\
_     0.000000000,    0.000000000, -506.138488770,\
_   -10.660858154,   46.068050385,    8.389118195,\
_  -25144.484375000, 26156.761718750,  -20.000000000 )
_ set_view (\
_     0.999214351,    0.033888113,   -0.020553898,\
_    -0.035507053,    0.995805562,   -0.084324792,\
_     0.017610110,    0.084988348,    0.996226370,\
_     0.000000000,    0.000000000, -506.138488770,\
_   -10.660858154,   46.068050385,    8.389118195,\
_  -25144.484375000, 26156.761718750,  -20.000000000 )
_ set_view (\
_     0.998449028,    0.044879220,   -0.032950453,\
_    -0.048207633,    0.992942631,   -0.108356252,\
_     0.027854998,    0.109776638,    0.993565917,\
_     0.000000000,    0.000000000, -506.138488770,\
_   -10.660858154,   46.068050385,    8.389118195,\
_  -25144.484375000, 26156.761718750,  -20.000000000 )
_ set_view (\
_     0.997413993,    0.055551101,   -0.045603696,\
_    -0.061144117,    0.989340603,   -0.132161409,\
_     0.037775908,    0.134608001,    0.990178645,\
_     0.000000000,    0.000000000, -506.138488770,\
_   -10.660858154,   46.068050385,    8.389118195,\
_  -25144.484375000, 26156.761718750,  -20.000000000 )
_ set_view (\
_     0.996094227,    0.065910533,   -0.058757290,\
_    -0.074354105,    0.985024333,   -0.155559078,\
_     0.047624417,    0.159320310,    0.986077607,\
_     0.000000000,    0.000000000, -506.138488770,\
_   -10.660858154,   46.068050385,    8.389118195,\
_  -25144.484375000, 26156.761718750,  -20.000000000 )
_ set_view (\
_     0.994500160,    0.075927787,   -0.072143495,\
_    -0.087781712,    0.979982555,   -0.178686202,\
_     0.057132162,    0.184036314,    0.981257677,\
_     0.000000000,    0.000000000, -506.138488770,\
_   -10.660858154,   46.068050385,    8.389118195,\
_  -25144.484375000, 26156.761718750,  -20.000000000 )
_ set_view (\
_     0.992233574,    0.085308999,   -0.090527683,\
_    -0.101769611,    0.975217581,   -0.196452916,\
_     0.071525037,    0.204140112,    0.976325333,\
_     0.000000000,    0.000000000, -506.138488770,\
_   -10.660858154,   46.068050385,    8.389118195,\
_  -25144.484375000, 26156.761718750,  -20.000000000 )
_ set_view (\
_     0.989553452,    0.094297215,   -0.109052040,\
_    -0.115999378,    0.969947875,   -0.213881791,\
_     0.085606396,    0.224297404,    0.970753551,\
_     0.000000000,    0.000000000, -506.138488770,\
_   -10.660858154,   46.068050385,    8.389118195,\
_  -25144.484375000, 26156.761718750,  -20.000000000 )
_ set_view (\
_     0.985616922,    0.104714595,   -0.132643625,\
_    -0.133792982,    0.963006496,   -0.233918950,\
_     0.103242002,    0.248301223,    0.963165581,\
_     0.000000000,    0.000000000, -506.138488770,\
_   -10.660858154,   46.068050385,    8.389118195,\
_  -25144.484375000, 26156.761718750,  -20.000000000 )
_ set_view (\
_     0.981035471,    0.114518367,   -0.156381279,\
_    -0.151913837,    0.955359459,   -0.253398180,\
_     0.120381661,    0.272349030,    0.954638541,\
_     0.000000000,    0.000000000, -506.138488770,\
_   -10.660858154,   46.068050385,    8.389118195,\
_  -25144.484375000, 26156.761718750,  -20.000000000 )
_ set_view (\
_     0.976842940,    0.122089259,   -0.175704733,\
_    -0.166959658,    0.948518455,   -0.269141972,\
_     0.133799896,    0.292245001,    0.946937680,\
_     0.000000000,    0.000000000, -506.138488770,\
_   -10.660858154,   46.068050385,    8.389118195,\
_  -25144.484375000, 26156.761718750,  -20.000000000 )
_ set_view (\
_     0.972232640,    0.129235089,   -0.195094779,\
_    -0.182197675,    0.941208065,   -0.284484833,\
_     0.146859393,    0.312131226,    0.938619673,\
_     0.000000000,    0.000000000, -506.138488770,\
_   -10.660858154,   46.068050385,    8.389118195,\
_  -25144.484375000, 26156.761718750,  -20.000000000 )
_ set_view (\
_     0.966015339,    0.136614129,   -0.219433129,\
_    -0.199720606,    0.933400154,   -0.298121065,\
_     0.164091378,    0.331814855,    0.928963661,\
_     0.000000000,    0.000000000, -506.138488770,\
_   -10.660858154,   46.068050385,    8.389118195,\
_  -25144.484375000, 26156.761718750,  -20.000000000 )
_ set_view (\
_     0.959167600,    0.143451214,   -0.243760526,\
_    -0.217449933,    0.925130248,   -0.311207116,\
_     0.180867240,    0.351505518,    0.918548584,\
_     0.000000000,    0.000000000, -506.138488770,\
_   -10.660858154,   46.068050385,    8.389118195,\
_  -25144.484375000, 26156.761718750,  -20.000000000 )
_ set_view (\
_     0.950299442,    0.149747550,   -0.272958994,\
_    -0.236153573,    0.918026686,   -0.318525910,\
_     0.202885240,    0.367155254,    0.907763839,\
_     0.000000000,    0.000000000, -506.138488770,\
_   -10.660858154,   46.068050385,    8.389118195,\
_  -25144.484375000, 26156.761718750,  -20.000000000 )
_ set_view (\
_     0.940543473,    0.155511007,   -0.301983863,\
_    -0.254978150,    0.910619378,   -0.325205624,\
_     0.224419385,    0.382869363,    0.896129191,\
_     0.000000000,    0.000000000, -506.138488770,\
_   -10.660858154,   46.068050385,    8.389118195,\
_  -25144.484375000, 26156.761718750,  -20.000000000 )
_ set_view (\
_     0.933487892,    0.159198225,   -0.321335107,\
_    -0.268057525,    0.904991150,   -0.330357909,\
_     0.238213137,    0.394521445,    0.887472749,\
_     0.000000000,    0.000000000, -506.138488770,\
_   -10.660858154,   46.068050385,    8.389118195,\
_  -25144.484375000, 26156.761718750,  -20.000000000 )
_ set_view (\
_     0.926042497,    0.162616149,   -0.340589523,\
_    -0.281187296,    0.899207652,   -0.335200697,\
_     0.251751751,    0.406179547,    0.878430247,\
_     0.000000000,    0.000000000, -506.138488770,\
_   -10.660858154,   46.068050385,    8.389118195,\
_  -25144.484375000, 26156.761718750,  -20.000000000 )
_ set_view (\
_     0.918221653,    0.165442482,   -0.359857857,\
_    -0.292975962,    0.895122409,   -0.336037487,\
_     0.266522050,    0.413986653,    0.870391548,\
_     0.000000000,    0.000000000, -506.138488770,\
_   -10.660858154,   46.068050385,    8.389118195,\
_  -25144.484375000, 26156.761718750,  -20.000000000 )
_ set_view (\
_     0.910008430,    0.168083891,   -0.378988653,\
_    -0.304754555,    0.890963674,   -0.336613446,\
_     0.281085938,    0.421819687,    0.862008870,\
_     0.000000000,    0.000000000, -506.138488770,\
_   -10.660858154,   46.068050385,    8.389118195,\
_  -25144.484375000, 26156.761718750,  -20.000000000 )
_ set_view (\
_     0.901349127,    0.170753002,   -0.398011476,\
_    -0.317923367,    0.884929061,   -0.340331346,\
_     0.294099450,    0.433294594,    0.851916552,\
_     0.000000000,    0.000000000, -506.138488770,\
_   -10.660858154,   46.068050385,    8.389118195,\
_  -25144.484375000, 26156.761718750,  -20.000000000 )
_ set_view (\
_     0.892310977,    0.173149422,   -0.416893810,\
_    -0.331113368,    0.878755748,   -0.343732983,\
_     0.306830823,    0.444755882,    0.841455579,\
_     0.000000000,    0.000000000, -506.138488770,\
_   -10.660858154,   46.068050385,    8.389118195,\
_  -25144.484375000, 26156.761718750,  -20.000000000 )
_ set_view (\
_     0.867937386,    0.177854568,   -0.463737518,\
_    -0.360506386,    0.867839634,   -0.341891348,\
_     0.341642976,    0.463920683,    0.817348242,\
_     0.000000000,    0.000000000, -506.138488770,\
_   -10.660858154,   46.068050385,    8.389118195,\
_  -25144.484375000, 26156.761718750,  -20.000000000 )
_ set_view (\
_     0.841206372,    0.181385458,   -0.509383202,\
_    -0.389609843,    0.856556773,   -0.338400394,\
_     0.374934793,    0.483125389,    0.791210651,\
_     0.000000000,    0.000000000, -506.138488770,\
_   -10.660858154,   46.068050385,    8.389118195,\
_  -25144.484375000, 26156.761718750,  -20.000000000 )
_ set_view (\
_     0.829808891,    0.182479441,   -0.527369499,\
_    -0.401138455,    0.852022767,   -0.336370945,\
_     0.387950033,    0.490671873,    0.780215621,\
_     0.000000000,    0.000000000, -506.138488770,\
_   -10.660858154,   46.068050385,    8.389118195,\
_  -25144.484375000, 26156.761718750,  -20.000000000 )
_ set_view (\
_     0.818047881,    0.183385536,   -0.545130789,\
_    -0.412598342,    0.847439408,   -0.334079891,\
_     0.400699854,    0.498213470,    0.768910646,\
_     0.000000000,    0.000000000, -506.138488770,\
_   -10.660858154,   46.068050385,    8.389118195,\
_  -25144.484375000, 26156.761718750,  -20.000000000 )
_ set_view (\
_     0.805889368,    0.184112638,   -0.562712073,\
_    -0.423975736,    0.842853069,   -0.331426710,\
_     0.413263679,    0.505669653,    0.757305682,\
_     0.000000000,    0.000000000, -506.138488770,\
_   -10.660858154,   46.068050385,    8.389118195,\
_  -25144.484375000, 26156.761718750,  -20.000000000 )
_ set_view (\
_     0.793376207,    0.184652388,   -0.580049634,\
_    -0.435271621,    0.838222861,   -0.328514159,\
_     0.425549775,    0.513114631,    0.745400071,\
_     0.000000000,    0.000000000, -506.138488770,\
_   -10.660858154,   46.068050385,    8.389118195,\
_  -25144.484375000, 26156.761718750,  -20.000000000 )
_ set_view (\
_     0.780118167,    0.185402781,   -0.597529292,\
_    -0.445079267,    0.835677922,   -0.321787834,\
_     0.439681530,    0.516980648,    0.734446466,\
_     0.000000000,    0.000000000, -506.138488770,\
_   -10.660858154,   46.068050385,    8.389118195,\
_  -25144.484375000, 26156.761718750,  -20.000000000 )
_ set_view (\
_     0.766485810,    0.186051399,   -0.614722788,\
_    -0.454731673,    0.833122253,   -0.314844519,\
_     0.453561783,    0.520857990,    0.723179877,\
_     0.000000000,    0.000000000, -506.138488770,\
_   -10.660858154,   46.068050385,    8.389118195,\
_  -25144.484375000, 26156.761718750,  -20.000000000 )
_ set_view (\
_     0.756355464,    0.185894847,   -0.627191544,\
_    -0.463674456,    0.828668356,   -0.313553035,\
_     0.461445689,    0.527970493,    0.712962508,\
_     0.000000000,    0.000000000, -506.138488770,\
_   -10.660858154,   46.068050385,    8.389118195,\
_  -25144.484375000, 26156.761718750,  -20.000000000 )
_ set_view (\
_     0.746043324,    0.185603499,   -0.639507949,\
_    -0.472573817,    0.824177265,   -0.312100321,\
_     0.469140768,    0.535055280,    0.702583253,\
_     0.000000000,    0.000000000, -506.138488770,\
_   -10.660858154,   46.068050385,    8.389118195,\
_  -25144.484375000, 26156.761718750,  -20.000000000 )
_ set_view (\
_     0.735271215,    0.185711488,   -0.651833653,\
_    -0.479945630,    0.821730554,   -0.307265103,\
_     0.478568733,    0.538768113,    0.693326294,\
_     0.000000000,    0.000000000, -506.138488770,\
_   -10.660858154,   46.068050385,    8.389118195,\
_  -25144.484375000, 26156.761718750,  -20.000000000 )
_ set_view (\
_     0.724305332,    0.185746685,   -0.663987637,\
_    -0.487232625,    0.819277883,   -0.302305907,\
_     0.487837851,    0.542478442,    0.683909237,\
_     0.000000000,    0.000000000, -506.138488770,\
_   -10.660858154,   46.068050385,    8.389118195,\
_  -25144.484375000, 26156.761718750,  -20.000000000 )
_ set_view (\
_     0.713129759,    0.185716107,   -0.675984561,\
_    -0.494424760,    0.816840887,   -0.297179639,\
_     0.496980608,    0.546151400,    0.674336314,\
_     0.000000000,    0.000000000, -506.138488770,\
_   -10.660858154,   46.068050385,    8.389118195,\
_  -25144.484375000, 26156.761718750,  -20.000000000 )
_ set_view (\
_     0.701765597,    0.185613275,   -0.687802613,\
_    -0.501527369,    0.814399540,   -0.291932166,\
_     0.505959392,    0.549820006,    0.664607823,\
_     0.000000000,    0.000000000, -506.138488770,\
_   -10.660858154,   46.068050385,    8.389118195,\
_  -25144.484375000, 26156.761718750,  -20.000000000 )
_ set_view (\
_     0.694210470,    0.185286433,   -0.695514500,\
_    -0.506699145,    0.812096775,   -0.289405555,\
_     0.511201918,    0.553325236,    0.657650650,\
_     0.000000000,    0.000000000, -506.138488770,\
_   -10.660858154,   46.068050385,    8.389118195,\
_  -25144.484375000, 26156.761718750,  -20.000000000 )
_ set_view (\
_     0.686578095,    0.184914321,   -0.703147888,\
_    -0.511838555,    0.809788227,   -0.286818951,\
_     0.516363680,    0.556822062,    0.650629222,\
_     0.000000000,    0.000000000, -506.138488770,\
_   -10.660858154,   46.068050385,    8.389118195,\
_  -25144.484375000, 26156.761718750,  -20.000000000 )
_ set_view (\
_     0.678854764,    0.184501797,   -0.710714459,\
_    -0.516941011,    0.807486594,   -0.284144431,\
_     0.521466970,    0.560290575,    0.643542767,\
_     0.000000000,    0.000000000, -506.138488770,\
_   -10.660858154,   46.068050385,    8.389118195,\
_  -25144.484375000, 26156.761718750,  -20.000000000 )
_ set_view (\
_     0.671055675,    0.184044272,   -0.718200326,\
_    -0.522009671,    0.805179834,   -0.281410605,\
_     0.526488185,    0.563750029,    0.636393487,\
_     0.000000000,    0.000000000, -506.138488770,\
_   -10.660858154,   46.068050385,    8.389118195,\
_  -25144.484375000, 26156.761718750,  -20.000000000 )
_ set_view (\
_     0.666703641,    0.184207812,   -0.722200394,\
_    -0.523800433,    0.805136740,   -0.278188050,\
_     0.530225396,    0.563758194,    0.633275807,\
_     0.000000000,    0.000000000, -506.138488770,\
_   -10.660858154,   46.068050385,    8.389118195,\
_  -25144.484375000, 26156.761718750,  -20.000000000 )
_ set_view (\
_     0.662327409,    0.184371322,   -0.726174414,\
_    -0.525571525,    0.805093467,   -0.274954081,\
_     0.533944309,    0.563766599,    0.630135834,\
_     0.000000000,    0.000000000, -506.138488770,\
_   -10.660858154,   46.068050385,    8.389118195,\
_  -25144.484375000, 26156.761718750,  -20.000000000 )
_ set_view (\
_     0.657927096,    0.184534788,   -0.730122268,\
_    -0.527322948,    0.805049956,   -0.271708816,\
_     0.537644863,    0.563775241,    0.626973689,\
_     0.000000000,    0.000000000, -506.138488770,\
_   -10.660858154,   46.068050385,    8.389118195,\
_  -25144.484375000, 26156.761718750,  -20.000000000 )
_ set_view (\
_     0.653933406,    0.183925584,   -0.733854294,\
_    -0.530621111,    0.802917004,   -0.271599174,\
_     0.539269745,    0.567006767,    0.622649133,\
_     0.000000000,    0.000000000, -506.138488770,\
_   -10.660858154,   46.068050385,    8.389118195,\
_  -25144.484375000, 26156.761718750,  -20.000000000 )
_ set_view (\
_     0.649923205,    0.183295175,   -0.737565100,\
_    -0.533913434,    0.800776243,   -0.271467090,\
_     0.540865719,    0.570229113,    0.618306935,\
_     0.000000000,    0.000000000, -506.138488770,\
_   -10.660858154,   46.068050385,    8.389118195,\
_  -25144.484375000, 26156.761718750,  -20.000000000 )
_ set_view (\
_     0.641821802,    0.182726100,   -0.744765401,\
_    -0.538832724,    0.798496664,   -0.268445283,\
_     0.545640469,    0.573598444,    0.610951483,\
_     0.000000000,    0.000000000, -506.138488770,\
_   -10.660858154,   46.068050385,    8.389118195,\
_  -25144.484375000, 26156.761718750,  -20.000000000 )
_ set_view (\
_     0.633648455,    0.182112932,   -0.751880348,\
_    -0.543714583,    0.796213388,   -0.265366077,\
_     0.550330341,    0.576957583,    0.603536963,\
_     0.000000000,    0.000000000, -506.138488770,\
_   -10.660858154,   46.068050385,    8.389118195,\
_  -25144.484375000, 26156.761718750,  -20.000000000 )
_ set_view (\
_     0.629216135,    0.180615589,   -0.755952775,\
_    -0.548755407,    0.792022407,   -0.267522812,\
_     0.550412476,    0.583163381,    0.597467184,\
_     0.000000000,    0.000000000, -506.138488770,\
_   -10.660858154,   46.068050385,    8.389118195,\
_  -25144.484375000, 26156.761718750,  -20.000000000 )
_ set_view (\
_     0.624771893,    0.179072887,   -0.759995103,\
_    -0.553786337,    0.787794769,   -0.269630551,\
_     0.550436378,    0.589332998,    0.591360211,\
_     0.000000000,    0.000000000, -506.138488770,\
_   -10.660858154,   46.068050385,    8.389118195,\
_  -25144.484375000, 26156.761718750,  -20.000000000 )
_ set_view (\
_     0.616405070,    0.178321674,   -0.766971827,\
_    -0.558623970,    0.785498619,   -0.266330123,\
_     0.554962516,    0.592616618,    0.583800137,\
_     0.000000000,    0.000000000, -506.138488770,\
_   -10.660858154,   46.068050385,    8.389118195,\
_  -25144.484375000, 26156.761718750,  -20.000000000 )
_ set_view (\
_     0.607968569,    0.177526787,   -0.773859203,\
_    -0.563421249,    0.783200204,   -0.262972713,\
_     0.559401631,    0.595888376,    0.576183438,\
_     0.000000000,    0.000000000, -506.138488770,\
_   -10.660858154,   46.068050385,    8.389118195,\
_  -25144.484375000, 26156.761718750,  -20.000000000 )
_ set_view (\
_     0.595248580,    0.175832286,   -0.784067392,\
_    -0.571326733,    0.778751135,   -0.259100586,\
_     0.565034747,    0.602188408,    0.564008236,\
_     0.000000000,    0.000000000, -506.138488770,\
_   -10.660858154,   46.068050385,    8.389118195,\
_  -25144.484375000, 26156.761718750,  -20.000000000 )
_ set_view (\
_     0.582384050,    0.174011841,   -0.794070661,\
_    -0.579149842,    0.774286389,   -0.255081981,\
_     0.570450425,    0.608442068,    0.551711023,\
_     0.000000000,    0.000000000, -506.138488770,\
_   -10.660858154,   46.068050385,    8.389118195,\
_  -25144.484375000, 26156.761718750,  -20.000000000 )
_ set_view (\
_     0.569221020,    0.171166420,   -0.804169774,\
_    -0.588559687,    0.767786980,   -0.253182471,\
_     0.574094236,    0.617419302,    0.537782133,\
_     0.000000000,    0.000000000, -506.138488770,\
_   -10.660858154,   46.068050385,    8.389118195,\
_  -25144.484375000, 26156.761718750,  -20.000000000 )
_ set_view (\
_     0.555930555,    0.168136463,   -0.814045906,\
_    -0.597892284,    0.761236787,   -0.251085848,\
_     0.577464521,    0.626298726,    0.523722291,\
_     0.000000000,    0.000000000, -506.138488770,\
_   -10.660858154,   46.068050385,    8.389118195,\
_  -25144.484375000, 26156.761718750,  -20.000000000 )
_ set_view (\
_     0.542505980,    0.165920869,   -0.823502898,\
_    -0.605456769,    0.756780982,   -0.246384799,\
_     0.582330406,    0.632261217,    0.511016071,\
_     0.000000000,    0.000000000, -506.138488770,\
_   -10.660858154,   46.068050385,    8.389118195,\
_  -25144.484375000, 26156.761718750,  -20.000000000 )
_ set_view (\
_     0.528948724,    0.163582727,   -0.832738519,\
_    -0.612925828,    0.752316833,   -0.241541266,\
_     0.586970747,    0.638170421,    0.498201042,\
_     0.000000000,    0.000000000, -506.138488770,\
_   -10.660858154,   46.068050385,    8.389118195,\
_  -25144.484375000, 26156.761718750,  -20.000000000 )
_ set_view (\
_     0.514789879,    0.162173003,   -0.841837764,\
_    -0.618715107,    0.749998748,   -0.233868316,\
_     0.593449652,    0.641251266,    0.486430615,\
_     0.000000000,    0.000000000, -506.138488770,\
_   -10.660858154,   46.068050385,    8.389118195,\
_  -25144.484375000, 26156.761718750,  -20.000000000 )
_ set_view (\
_     0.500487208,    0.160698399,   -0.850698650,\
_    -0.624371767,    0.747691393,   -0.226093873,\
_     0.599726558,    0.644309759,    0.474545479,\
_     0.000000000,    0.000000000, -506.138488770,\
_   -10.660858154,   46.068050385,    8.389118195,\
_  -25144.484375000, 26156.761718750,  -20.000000000 )
_ set_view (\
_     0.491065115,    0.158249602,   -0.856628060,\
_    -0.630242169,    0.743396819,   -0.223957330,\
_     0.601372838,    0.649861276,    0.464791775,\
_     0.000000000,    0.000000000, -506.138488770,\
_   -10.660858154,   46.068050385,    8.389118195,\
_  -25144.484375000, 26156.761718750,  -20.000000000 )
_ set_view (\
