_ set_view (\
_     1.000000000,    0.000000000,    0.000000000,\
_     0.000000000,    1.000000000,    0.000000000,\
_     0.000000000,    0.000000000,    1.000000000,\
_     0.000000000,    0.000000000,  -50.000000000,\
_    -4.968866348,    6.929618835,  -12.045124054,\
_    40.000000000,  100.000000000,  -20.000000000 )
_ set_view (\
_     1.000000000,    0.000000000,    0.000000000,\
_     0.000000000,    1.000000000,    0.000000000,\
_     0.000000000,    0.000000000,    1.000000000,\
_     0.000000000,    0.000000000, -213.930603027,\
_    -4.968866348,    6.929618835,  -12.045124054,\
_   168.664520264,  259.196685791,  -20.000000000 )
_ set_view (\
_     0.999934673,    0.001017811,   -0.011383968,\
_    -0.001080696,    0.999984205,   -0.005518831,\
_     0.011378170,    0.005530775,    0.999919951,\
_     0.000000000,    0.000000000, -213.930603027,\
_    -4.968866348,    6.929618835,  -12.045124054,\
_   168.664520264,  259.196685791,  -20.000000000 )
_ set_view (\
_     0.999738753,    0.001972578,   -0.022771899,\
_    -0.002224099,    0.999936819,   -0.011024831,\
_     0.022748709,    0.011072600,    0.999679863,\
_     0.000000000,    0.000000000, -213.930603027,\
_    -4.968866348,    6.929618835,  -12.045124054,\
_   168.664520264,  259.196685791,  -20.000000000 )
_ set_view (\
_     0.999188602,    0.002922879,   -0.040170953,\
_    -0.003591400,    0.999856174,   -0.016579824,\
_     0.040116712,    0.016710639,    0.999055266,\
_     0.000000000,    0.000000000, -213.930603027,\
_    -4.968866348,    6.929618835,  -12.045124054,\
_   168.664520264,  259.196685791,  -20.000000000 )
_ set_view (\
_     0.998334825,    0.003774866,   -0.057562850,\
_    -0.005055000,    0.999742866,   -0.022109652,\
_     0.057464588,    0.022363810,    0.998097122,\
_     0.000000000,    0.000000000, -213.930603027,\
_    -4.968866348,    6.929618835,  -12.045124054,\
_   168.664520264,  259.196685791,  -20.000000000 )
_ set_view (\
_     0.996704221,    0.004559014,   -0.080995075,\
_    -0.006816486,    0.999595463,   -0.027617268,\
_     0.080836400,    0.028078340,    0.996331930,\
_     0.000000000,    0.000000000, -213.930603027,\
_    -4.968866348,    6.929618835,  -12.045124054,\
_   168.664520264,  259.196685791,  -20.000000000 )
_ set_view (\
_     0.994523346,    0.005208668,   -0.104386628,\
_    -0.008706512,    0.999414921,   -0.033081114,\
_     0.104153238,    0.033808772,    0.993986607,\
_     0.000000000,    0.000000000, -213.930603027,\
_    -4.968866348,    6.929618835,  -12.045124054,\
_   168.664520264,  259.196685791,  -20.000000000 )
_ set_view (\
_     0.990277171,    0.006117786,   -0.138975561,\
_    -0.012323323,    0.998962939,   -0.043835670,\
_     0.138563246,    0.045122087,    0.989325285,\
_     0.000000000,    0.000000000, -213.930603027,\
_    -4.968866348,    6.929618835,  -12.045124054,\
_   168.664520264,  259.196685791,  -20.000000000 )
_ set_view (\
_     0.984828770,    0.006631790,   -0.173403785,\
_    -0.016310710,    0.998383403,   -0.054452211,\
_     0.172762290,    0.056454420,    0.983344495,\
_     0.000000000,    0.000000000, -213.930603027,\
_    -4.968866348,    6.929618835,  -12.045124054,\
_   168.664520264,  259.196685791,  -20.000000000 )
_ set_view (\
_     0.977980793,    0.006626160,   -0.208591178,\
_    -0.019456442,    0.998037815,   -0.059517872,\
_     0.207787439,    0.062265750,    0.976190388,\
_     0.000000000,    0.000000000, -213.930603027,\
_    -4.968866348,    6.929618835,  -12.045124054,\
_   168.664520264,  259.196685791,  -20.000000000 )
_ set_view (\
_     0.969877481,    0.006411879,   -0.243510187,\
_    -0.022781089,    0.997660100,   -0.064465597,\
_     0.242526963,    0.068071127,    0.967753768,\
_     0.000000000,    0.000000000, -213.930603027,\
_    -4.968866348,    6.929618835,  -12.045124054,\
_   168.664520264,  259.196685791,  -20.000000000 )
_ set_view (\
_     0.960820436,    0.005844084,   -0.277111053,\
_    -0.027560463,    0.996837556,   -0.074537307,\
_     0.275798976,    0.079254240,    0.957942665,\
_     0.000000000,    0.000000000, -213.930603027,\
_    -4.968866348,    6.929618835,  -12.045124054,\
_   168.664520264,  259.196685791,  -20.000000000 )
_ set_view (\
_     0.950603962,    0.004886505,   -0.310368776,\
_    -0.032684449,    0.995893717,   -0.084427319,\
_     0.308681607,    0.090401143,    0.946859956,\
_     0.000000000,    0.000000000, -213.930603027,\
_    -4.968866348,    6.929618835,  -12.045124054,\
_   168.664520264,  259.196685791,  -20.000000000 )
_ set_view (\
_     0.938830853,    0.003935860,   -0.344357133,\
_    -0.036771733,    0.995363951,   -0.088875450,\
_     0.342410713,    0.096101582,    0.934622824,\
_     0.000000000,    0.000000000, -213.930603027,\
_    -4.968866348,    6.929618835,  -12.045124054,\
_   168.664520264,  259.196685791,  -20.000000000 )
_ set_view (\
_     0.925844908,    0.002779948,   -0.377894402,\
_    -0.041015655,    0.994805098,   -0.093170717,\
_     0.375672102,    0.101761162,    0.921149075,\
_     0.000000000,    0.000000000, -213.930603027,\
_    -4.968866348,    6.929618835,  -12.045124054,\
_   168.664520264,  259.196685791,  -20.000000000 )
_ set_view (\
_     0.914199471,    0.001554582,   -0.405262470,\
_    -0.044907875,    0.994222879,   -0.097490430,\
_     0.402769506,    0.107325107,    0.908987641,\
_     0.000000000,    0.000000000, -213.930603027,\
_    -4.968866348,    6.929618835,  -12.045124054,\
_   168.664520264,  259.196685791,  -20.000000000 )
_ set_view (\
_     0.901747048,    0.000163402,   -0.432264894,\
_    -0.048926108,    0.993612528,   -0.101689175,\
_     0.429487079,    0.112846889,    0.895994902,\
_     0.000000000,    0.000000000, -213.930603027,\
_    -4.968866348,    6.929618835,  -12.045124054,\
_   168.664520264,  259.196685791,  -20.000000000 )
_ set_view (\
_     0.891070783,   -0.000339753,   -0.453865051,\
_    -0.050880954,    0.993621349,   -0.100638203,\
_     0.451004058,    0.112768784,    0.885369420,\
_     0.000000000,    0.000000000, -213.930603027,\
_    -4.968866348,    6.929618835,  -12.045124054,\
_   168.664520264,  259.196685791,  -20.000000000 )
_ set_view (\
_     0.885537803,   -0.000591068,   -0.464567780,\
_    -0.051849678,    0.993625820,   -0.100097753,\
_     0.461665601,    0.112727970,    0.879862368,\
_     0.000000000,    0.000000000, -213.930603027,\
_    -4.968866348,    6.929618835,  -12.045124054,\
_   168.664520264,  259.196685791,  -20.000000000 )
_ set_view (\
_     0.879875898,   -0.000842202,   -0.475203574,\
_    -0.052812472,    0.993630409,   -0.099547438,\
_     0.472260475,    0.112686001,    0.874226749,\
_     0.000000000,    0.000000000, -213.930603027,\
_    -4.968866348,    6.929618835,  -12.045124054,\
_   168.664520264,  259.196685791,  -20.000000000 )
_ set_view (\
_     0.877368510,   -0.001794929,   -0.479814589,\
_    -0.054815989,    0.993070960,   -0.103949159,\
_     0.476676464,    0.117503159,    0.871190548,\
_     0.000000000,    0.000000000, -213.930603027,\
_    -4.968866348,    6.929618835,  -12.045124054,\
_   168.664520264,  259.196685791,  -20.000000000 )
_ set_view (\
_     0.874838352,   -0.002773085,   -0.484407812,\
_    -0.056841757,    0.992487848,   -0.108337604,\
_     0.481069267,    0.122312404,    0.868108511,\
_     0.000000000,    0.000000000, -213.930603027,\
_    -4.968866348,    6.929618835,  -12.045124054,\
_   168.664520264,  259.196685791,  -20.000000000 )
_ set_view (\
_     0.868956983,   -0.003064566,   -0.494878948,\
_    -0.057861604,    0.992493391,   -0.107745111,\
_     0.491494238,    0.122260280,    0.862256467,\
_     0.000000000,    0.000000000, -213.930603027,\
_    -4.968866348,    6.929618835,  -12.045124054,\
_   168.664520264,  259.196685791,  -20.000000000 )
_ set_view (\
_     0.862949848,   -0.003355823,   -0.505279243,\
_    -0.058875062,    0.992499053,   -0.107142448,\
_     0.501848698,    0.122206829,    0.856279075,\
_     0.000000000,    0.000000000, -213.930603027,\
_    -4.968866348,    6.929618835,  -12.045124054,\
_   168.664520264,  259.196685791,  -20.000000000 )
_ set_view (\
_     0.859899402,   -0.003501368,   -0.510452390,\
_    -0.059379362,    0.992501915,   -0.106837325,\
_     0.506999016,    0.122179613,    0.853243589,\
_     0.000000000,    0.000000000, -213.930603027,\
_    -4.968866348,    6.929618835,  -12.045124054,\
_   168.664520264,  259.196685791,  -20.000000000 )
_ set_view (\
_     0.857223928,   -0.004546110,   -0.514924526,\
_    -0.061480850,    0.991904855,   -0.111107789,\
_     0.511261225,    0.126902178,    0.850004792,\
_     0.000000000,    0.000000000, -213.930603027,\
_    -4.968866348,    6.929618835,  -12.045124054,\
_   168.664520264,  259.196685791,  -20.000000000 )
_ set_view (\
_     0.854526758,   -0.005615628,   -0.519377768,\
_    -0.063603707,    0.991284907,   -0.115364388,\
_     0.515499115,    0.131616235,    0.846721947,\
_     0.000000000,    0.000000000, -213.930603027,\
_    -4.968866348,    6.929618835,  -12.045124054,\
_   168.664520264,  259.196685791,  -20.000000000 )
_ set_view (\
_     0.851401567,   -0.005781153,   -0.524483323,\
_    -0.064136453,    0.991288304,   -0.115040094,\
_     0.520579100,    0.131583750,    0.843613207,\
_     0.000000000,    0.000000000, -213.930603027,\
_    -4.968866348,    6.929618835,  -12.045124054,\
_   168.664520264,  259.196685791,  -20.000000000 )
_ set_view (\
_     0.845059395,   -0.006112001,   -0.534638345,\
_    -0.065196812,    0.991295099,   -0.114383712,\
_     0.530683339,    0.131517664,    0.837304354,\
_     0.000000000,    0.000000000, -213.930603027,\
_    -4.968866348,    6.929618835,  -12.045124054,\
_   168.664520264,  259.196685791,  -20.000000000 )
_ set_view (\
_     0.841842651,   -0.006277323,   -0.539687395,\
_    -0.065724395,    0.991298556,   -0.114051640,\
_     0.535707116,    0.131484076,    0.834104359,\
_     0.000000000,    0.000000000, -213.930603027,\
_    -4.968866348,    6.929618835,  -12.045124054,\
_   168.664520264,  259.196685791,  -20.000000000 )
_ set_view (\
_     0.838595510,   -0.006442574,   -0.544717312,\
_    -0.066250227,    0.991302013,   -0.113716982,\
_     0.540711880,    0.131450102,    0.830874145,\
_     0.000000000,    0.000000000, -213.930603027,\
_    -4.968866348,    6.929618835,  -12.045124054,\
_   168.664520264,  259.196685791,  -20.000000000 )
_ set_view (\
_     0.835757971,   -0.007574631,   -0.549046576,\
_    -0.068444848,    0.990669489,   -0.117853813,\
_     0.544816196,    0.136076570,    0.827441096,\
_     0.000000000,    0.000000000, -213.930603027,\
_    -4.968866348,    6.929618835,  -12.045124054,\
_   168.664520264,  259.196685791,  -20.000000000 )
_ set_view (\
_     0.832899809,   -0.008730821,   -0.553355813,\
_    -0.070659950,    0.990014732,   -0.121976249,\
_     0.548895180,    0.140693963,    0.823965847,\
_     0.000000000,    0.000000000, -213.930603027,\
_    -4.968866348,    6.929618835,  -12.045124054,\
_   168.664520264,  259.196685791,  -20.000000000 )
_ set_view (\
_     0.829581201,   -0.008915811,   -0.558315814,\
_    -0.071212612,    0.990018725,   -0.121621914,\
_     0.553827286,    0.140654251,    0.820665717,\
_     0.000000000,    0.000000000, -213.930603027,\
_    -4.968866348,    6.929618835,  -12.045124054,\
_   168.664520264,  259.196685791,  -20.000000000 )
_ set_view (\
_     0.822854996,   -0.009285548,   -0.568176508,\
_    -0.072312422,    0.990026832,   -0.120905302,\
_     0.563632429,    0.140573606,    0.813976705,\
_     0.000000000,    0.000000000, -213.930603027,\
_    -4.968866348,    6.929618835,  -12.045124054,\
_   168.664520264,  259.196685791,  -20.000000000 )
_ set_view (\
_     0.819447637,   -0.009470296,   -0.573076844,\
_    -0.072859541,    0.990030944,   -0.120543055,\
_     0.568505108,    0.140532687,    0.810588062,\
_     0.000000000,    0.000000000, -213.930603027,\
_    -4.968866348,    6.929618835,  -12.045124054,\
_   168.664520264,  259.196685791,  -20.000000000 )
_ set_view (\
_     0.816010833,   -0.009654961,   -0.577956975,\
_    -0.073404782,    0.990035057,   -0.120178185,\
_     0.573357701,    0.140491366,    0.807170153,\
_     0.000000000,    0.000000000, -213.930603027,\
_    -4.968866348,    6.929618835,  -12.045124054,\
_   168.664520264,  259.196685791,  -20.000000000 )
_ set_view (\
_     0.812544823,   -0.009839548,   -0.582816660,\
_    -0.073948130,    0.990039170,   -0.119810723,\
_     0.578189969,    0.140449643,    0.803723097,\
_     0.000000000,    0.000000000, -213.930603027,\
_    -4.968866348,    6.929618835,  -12.045124054,\
_   168.664520264,  259.196685791,  -20.000000000 )
_ set_view (\
_     0.809049666,   -0.010024050,   -0.587655783,\
_    -0.074489579,    0.990043342,   -0.119440652,\
_     0.583001673,    0.140407518,    0.800247014,\
_     0.000000000,    0.000000000, -213.930603027,\
_    -4.968866348,    6.929618835,  -12.045124054,\
_   168.664520264,  259.196685791,  -20.000000000 )
_ set_view (\
_     0.801972449,   -0.010392806,   -0.597271621,\
_    -0.075566746,    0.990051687,   -0.118692786,\
_     0.592562973,    0.140322059,    0.793208241,\
_     0.000000000,    0.000000000, -213.930603027,\
_    -4.968866348,    6.929618835,  -12.045124054,\
_   168.664520264,  259.196685791,  -20.000000000 )
_ set_view (\
_     0.798390627,   -0.010577060,   -0.602047980,\
_    -0.076102428,    0.990055859,   -0.118315004,\
_     0.597312212,    0.140278757,    0.789645791,\
_     0.000000000,    0.000000000, -213.930603027,\
_    -4.968866348,    6.929618835,  -12.045124054,\
_   168.664520264,  259.196685791,  -20.000000000 )
_ set_view (\
_     0.794780076,   -0.010761227,   -0.606803119,\
_    -0.076636165,    0.990060031,   -0.117934674,\
_     0.602040231,    0.140235052,    0.786054790,\
_     0.000000000,    0.000000000, -213.930603027,\
_    -4.968866348,    6.929618835,  -12.045124054,\
_   168.664520264,  259.196685791,  -20.000000000 )
_ set_view (\
_     0.791141033,   -0.010945313,   -0.611536801,\
_    -0.077167943,    0.990064323,   -0.117551811,\
_     0.606746912,    0.140190959,    0.782435358,\
_     0.000000000,    0.000000000, -213.930603027,\
_    -4.968866348,    6.929618835,  -12.045124054,\
_   168.664520264,  259.196685791,  -20.000000000 )
_ set_view (\
_     0.787473559,   -0.011129310,   -0.616248846,\
_    -0.077697739,    0.990068614,   -0.117166415,\
_     0.611432195,    0.140146464,    0.778787613,\
_     0.000000000,    0.000000000, -213.930603027,\
_    -4.968866348,    6.929618835,  -12.045124054,\
_   168.664520264,  259.196685791,  -20.000000000 )
_ set_view (\
_     0.783777893,   -0.011313223,   -0.620939136,\
_    -0.078225553,    0.990072906,   -0.116778508,\
_     0.616095722,    0.140101582,    0.775111675,\
_     0.000000000,    0.000000000, -213.930603027,\
_    -4.968866348,    6.929618835,  -12.045124054,\
_   168.664520264,  259.196685791,  -20.000000000 )
_ set_view (\
_     0.780054033,   -0.011497051,   -0.625607491,\
_    -0.078751378,    0.990077198,   -0.116388097,\
_     0.620737433,    0.140056312,    0.771407664,\
_     0.000000000,    0.000000000, -213.930603027,\
_    -4.968866348,    6.929618835,  -12.045124054,\
_   168.664520264,  259.196685791,  -20.000000000 )
_ set_view (\
_     0.772522271,   -0.011864446,   -0.634877682,\
_    -0.079796977,    0.990085840,   -0.115599796,\
_     0.629954457,    0.139964595,    0.763916075,\
_     0.000000000,    0.000000000, -213.930603027,\
_    -4.968866348,    6.929618835,  -12.045124054,\
_   168.664520264,  259.196685791,  -20.000000000 )
_ set_view (\
_     0.768714666,   -0.012048013,   -0.639479220,\
_    -0.080316730,    0.990090191,   -0.115201935,\
_     0.634529531,    0.139918163,    0.760128677,\
_     0.000000000,    0.000000000, -213.930603027,\
_    -4.968866348,    6.929618835,  -12.045124054,\
_   168.664520264,  259.196685791,  -20.000000000 )
_ set_view (\
_     0.757126629,   -0.012598185,   -0.653147459,\
_    -0.081863701,    0.990103304,   -0.113993667,\
_     0.648119092,    0.139776573,    0.748601794,\
_     0.000000000,    0.000000000, -213.930603027,\
_    -4.968866348,    6.929618835,  -12.045124054,\
_   168.664520264,  259.196685791,  -20.000000000 )
_ set_view (\
_     0.749264777,   -0.012964522,   -0.662144423,\
_    -0.082884654,    0.990112185,   -0.113176018,\
_     0.657064021,    0.139680281,    0.740781188,\
_     0.000000000,    0.000000000, -213.930603027,\
_    -4.968866348,    6.929618835,  -12.045124054,\
_   168.664520264,  259.196685791,  -20.000000000 )
_ set_view (\
_     0.742333531,   -0.012061563,   -0.669922709,\
_    -0.081676573,    0.990753055,   -0.108342782,\
_     0.665034294,    0.135143355,    0.734483600,\
_     0.000000000,    0.000000000, -213.930603027,\
_    -4.968866348,    6.929618835,  -12.045124054,\
_   168.664520264,  259.196685791,  -20.000000000 )
_ set_view (\
_     0.735324264,   -0.011110918,   -0.677625000,\
_    -0.080416977,    0.991371632,   -0.103519797,\
_     0.672927976,    0.130613074,    0.728085577,\
_     0.000000000,    0.000000000, -213.930603027,\
_    -4.968866348,    6.929618835,  -12.045124054,\
_   168.664520264,  259.196685791,  -20.000000000 )
_ set_view (\
_     0.731247783,   -0.011273554,   -0.682019353,\
_    -0.080887213,    0.991375804,   -0.103112787,\
_     0.677299559,    0.130567551,    0.724028885,\
_     0.000000000,    0.000000000, -213.930603027,\
_    -4.968866348,    6.929618835,  -12.045124054,\
_   168.664520264,  259.196685791,  -20.000000000 )
_ set_view (\
_     0.718859911,   -0.011760953,   -0.695056021,\
_    -0.082285151,    0.991388381,   -0.101878367,\
_     0.690268219,    0.130428985,    0.711701095,\
_     0.000000000,    0.000000000, -213.930603027,\
_    -4.968866348,    6.929618835,  -12.045124054,\
_   168.664520264,  259.196685791,  -20.000000000 )
_ set_view (\
_     0.707534373,   -0.010842435,   -0.706596315,\
_    -0.081278704,    0.991998792,   -0.096608438,\
_     0.701989710,    0.125784948,    0.700991511,\
_     0.000000000,    0.000000000, -213.930603027,\
_    -4.968866348,    6.929618835,  -12.045124054,\
_   168.664520264,  259.196685791,  -20.000000000 )
_ set_view (\
_     0.696026802,   -0.009848304,   -0.717948794,\
_    -0.080185868,    0.992585480,   -0.091353036,\
_     0.713524759,    0.121153444,    0.690075934,\
_     0.000000000,    0.000000000, -213.930603027,\
_    -4.968866348,    6.929618835,  -12.045124054,\
_   168.664520264,  259.196685791,  -20.000000000 )
_ set_view (\
_     0.682954907,   -0.010272831,   -0.730388880,\
_    -0.081436723,    0.992597342,   -0.090108708,\
_     0.725907266,    0.121020593,    0.677062213,\
_     0.000000000,    0.000000000, -213.930603027,\
_    -4.968866348,    6.929618835,  -12.045124054,\
_   168.664520264,  259.196685791,  -20.000000000 )
_ set_view (\
_     0.675333023,   -0.009123400,   -0.737457097,\
_    -0.079922177,    0.993130028,   -0.085475914,\
_     0.733170152,    0.116663828,    0.669963896,\
_     0.000000000,    0.000000000, -213.930603027,\
_    -4.968866348,    6.929618835,  -12.045124054,\
_   168.664520264,  259.196685791,  -20.000000000 )
_ set_view (\
_     0.667641222,   -0.007928406,   -0.744441509,\
_    -0.078358464,    0.993641257,   -0.080857061,\
_     0.740348458,    0.112316765,    0.662774205,\
_     0.000000000,    0.000000000, -213.930603027,\
_    -4.968866348,    6.929618835,  -12.045124054,\
_   168.664520264,  259.196685791,  -20.000000000 )
_ set_view (\
_     0.658605874,   -0.008170386,   -0.752444208,\
_    -0.079109930,    0.993648350,   -0.080033541,\
_     0.748318493,    0.112236343,    0.653775871,\
_     0.000000000,    0.000000000, -213.930603027,\
_    -4.968866348,    6.929618835,  -12.045124054,\
_   168.664520264,  259.196685791,  -20.000000000 )
_ set_view (\
_     0.650755167,   -0.006927218,   -0.759256601,\
_    -0.077480726,    0.994133115,   -0.075478531,\
_     0.755324543,    0.107945763,    0.646400034,\
_     0.000000000,    0.000000000, -213.930603027,\
_    -4.968866348,    6.929618835,  -12.045124054,\
_   168.664520264,  259.196685791,  -20.000000000 )
_ set_view (\
_     0.642837346,   -0.005639238,   -0.765982509,\
_    -0.075803243,    0.994596660,   -0.070938863,\
_     0.762243211,    0.103666082,    0.638935924,\
_     0.000000000,    0.000000000, -213.930603027,\
_    -4.968866348,    6.929618835,  -12.045124054,\
_   168.664520264,  259.196685791,  -20.000000000 )
_ set_view (\
_     0.634838998,   -0.004313370,   -0.772632957,\
_    -0.074088611,    0.995037138,   -0.066430397,\
_     0.769084573,    0.099415898,    0.631368279,\
_     0.000000000,    0.000000000, -213.930603027,\
_    -4.968866348,    6.929618835,  -12.045124054,\
_   168.664520264,  259.196685791,  -20.000000000 )
_ set_view (\
_     0.626775324,   -0.002943131,   -0.779194951,\
_    -0.072326221,    0.995456457,   -0.061938368,\
_     0.775836527,    0.095177658,    0.623714209,\
_     0.000000000,    0.000000000, -213.930603027,\
_    -4.968866348,    6.929618835,  -12.045124054,\
_   168.664520264,  259.196685791,  -20.000000000 )
_ set_view (\
_     0.618632436,   -0.001535667,   -0.785679519,\
_    -0.070527323,    0.995853007,   -0.057478670,\
_     0.782509148,    0.090970047,    0.615958154,\
_     0.000000000,    0.000000000, -213.930603027,\
_    -4.968866348,    6.929618835,  -12.045124054,\
_   168.664520264,  259.196685791,  -20.000000000 )
_ set_view (\
_     0.610426068,   -0.000084297,   -0.792073727,\
_    -0.068681195,    0.996228516,   -0.053036485,\
_     0.789090395,    0.086775437,    0.608117521,\
_     0.000000000,    0.000000000, -213.930603027,\
_    -4.968866348,    6.929618835,  -12.045124054,\
_   168.664520264,  259.196685791,  -20.000000000 )
_ set_view (\
_     0.600730956,   -0.000204602,   -0.799451709,\
_    -0.069213763,    0.996232450,   -0.052264221,\
_     0.796450019,    0.086729817,    0.598452985,\
_     0.000000000,    0.000000000, -213.930603027,\
_    -4.968866348,    6.929618835,  -12.045124054,\
_   168.664520264,  259.196685791,  -20.000000000 )
_ set_view (\
_     0.596805871,    0.001246072,   -0.802385151,\
_    -0.067209437,    0.996562839,   -0.048442114,\
_     0.799566448,    0.082838416,    0.594837785,\
_     0.000000000,    0.000000000, -213.930603027,\
_    -4.968866348,    6.929618835,  -12.045124054,\
_   168.664520264,  259.196685791,  -20.000000000 )
_ set_view (\
_     0.592869759,    0.002715852,   -0.805294216,\
_    -0.065185681,    0.996875286,   -0.044628754,\
_     0.802656293,    0.078952700,    0.591193795,\
_     0.000000000,    0.000000000, -213.930603027,\
_    -4.968866348,    6.929618835,  -12.045124054,\
_   168.664520264,  259.196685791,  -20.000000000 )
_ set_view (\
_     0.592887938,    0.004168432,   -0.805274606,\
_    -0.063048422,    0.997157931,   -0.041258082,\
_     0.802813590,    0.075232722,    0.591465235,\
_     0.000000000,    0.000000000, -213.930603027,\
_    -4.968866348,    6.929618835,  -12.045124054,\
_   168.664520264,  259.196685791,  -20.000000000 )
_ set_view (\
_     0.588922977,    0.005671521,   -0.808169663,\
_    -0.061006196,    0.997434974,   -0.037456244,\
_     0.805883884,    0.071362212,    0.587757885,\
_     0.000000000,    0.000000000, -213.930603027,\
_    -4.968866348,    6.929618835,  -12.045124054,\
_   168.664520264,  259.196685791,  -20.000000000 )
_ set_view (\
_     0.584947228,    0.007193617,   -0.811039865,\
_    -0.058944650,    0.997694075,   -0.033663578,\
_     0.808927178,    0.067497894,    0.584021986,\
_     0.000000000,    0.000000000, -213.930603027,\
_    -4.968866348,    6.929618835,  -12.045124054,\
_   168.664520264,  259.196685791,  -20.000000000 )
_ set_view (\
_     0.580950439,    0.008731642,   -0.813892484,\
_    -0.056868717,    0.997934759,   -0.029886434,\
_     0.811950386,    0.063647591,    0.580246747,\
_     0.000000000,    0.000000000, -213.930603027,\
_    -4.968866348,    6.929618835,  -12.045124054,\
_   168.664520264,  259.196685791,  -20.000000000 )
_ set_view (\
_     0.576943099,    0.010288559,   -0.816719890,\
_    -0.054773625,    0.998157620,   -0.026118783,\
_     0.814946234,    0.059803810,    0.576443195,\
_     0.000000000,    0.000000000, -213.930603027,\
_    -4.968866348,    6.929618835,  -12.045124054,\
_   168.664520264,  259.196685791,  -20.000000000 )
_ set_view (\
_     0.576955795,    0.011776075,   -0.816690803,\
_    -0.052616365,    0.998355508,   -0.022775665,\
_     0.815079391,    0.056111909,    0.576626182,\
_     0.000000000,    0.000000000, -213.930603027,\
_    -4.968866348,    6.929618835,  -12.045124054,\
_   168.664520264,  259.196685791,  -20.000000000 )
_ set_view (\
_     0.573042154,    0.014831569,   -0.819392025,\
_    -0.048376512,    0.998705387,   -0.015754951,\
_     0.818097413,    0.048667639,    0.573017299,\
_     0.000000000,    0.000000000, -213.930603027,\
_    -4.968866348,    6.929618835,  -12.045124054,\
_   168.664520264,  259.196685791,  -20.000000000 )
_ set_view (\
_     0.569128752,    0.017922241,   -0.822053373,\
_    -0.044101242,    0.998989224,   -0.008752759,\
_     0.821065485,    0.041235089,    0.569343388,\
_     0.000000000,    0.000000000, -213.930603027,\
_    -4.968866348,    6.929618835,  -12.045124054,\
_   168.664520264,  259.196685791,  -20.000000000 )
_ set_view (\
_     0.565057874,    0.019563144,   -0.824819684,\
_    -0.041934628,    0.999108195,   -0.005031225,\
_     0.823985517,    0.037431501,    0.565373778,\
_     0.000000000,    0.000000000, -213.930603027,\
_    -4.968866348,    6.929618835,  -12.045124054,\
_   168.664520264,  259.196685791,  -20.000000000 )
_ set_view (\
_     0.560976863,    0.021222692,   -0.827559829,\
_    -0.039749209,    0.999209344,   -0.001320173,\
_     0.826877296,    0.033635497,    0.561376393,\
_     0.000000000,    0.000000000, -213.930603027,\
_    -4.968866348,    6.929618835,  -12.045124054,\
_   168.664520264,  259.196685791,  -20.000000000 )
_ set_view (\
_     0.556875050,    0.022897892,   -0.830281019,\
_    -0.037549783,    0.999292433,    0.002374007,\
_     0.829747736,    0.029854918,    0.557340324,\
_     0.000000000,    0.000000000, -213.930603027,\
_    -4.968866348,    6.929618835,  -12.045124054,\
_   168.664520264,  259.196685791,  -20.000000000 )
_ set_view (\
_     0.552763402,    0.024591606,   -0.832975745,\
_    -0.035331726,    0.999357700,    0.006057388,\
_     0.832589626,    0.026082246,    0.553276777,\
_     0.000000000,    0.000000000, -213.930603027,\
_    -4.968866348,    6.929618835,  -12.045124054,\
_   168.664520264,  259.196685791,  -20.000000000 )
_ set_view (\
_     0.552768826,    0.026129654,   -0.832925320,\
_    -0.033144642,    0.999407232,    0.009355904,\
_     0.832675993,    0.022435443,    0.553306758,\
_     0.000000000,    0.000000000, -213.930603027,\
_    -4.968866348,    6.929618835,  -12.045124054,\
_   168.664520264,  259.196685791,  -20.000000000 )
_ set_view (\
_     0.548628688,    0.027856464,   -0.835602343,\
_    -0.030908795,    0.999437809,    0.013024455,\
_     0.835495293,    0.018681964,    0.549180806,\
_     0.000000000,    0.000000000, -213.930603027,\
_    -4.968866348,    6.929618835,  -12.045124054,\
_   168.664520264,  259.196685791,  -20.000000000 )
_ set_view (\
_     0.544478893,    0.029601661,   -0.838252425,\
_    -0.028654465,    0.999450624,    0.016681783,\
_     0.838285625,    0.014936898,    0.545027554,\
_     0.000000000,    0.000000000, -213.930603027,\
_    -4.968866348,    6.929618835,  -12.045124054,\
_   168.664520264,  259.196685791,  -20.000000000 )
_ set_view (\
_     0.544479311,    0.031156806,   -0.838195860,\
_    -0.026457679,    0.999450982,    0.019964237,\
_     0.838357568,    0.011306706,    0.545004308,\
_     0.000000000,    0.000000000, -213.930603027,\
_    -4.968866348,    6.929618835,  -12.045124054,\
_   168.664520264,  259.196685791,  -20.000000000 )
_ set_view (\
_     0.540423751,    0.034461394,   -0.840687394,\
_    -0.022026360,    0.999398351,    0.026807785,\
_     0.841105282,    0.004029837,    0.540857196,\
_     0.000000000,    0.000000000, -213.930603027,\
_    -4.968866348,    6.929618835,  -12.045124054,\
_   168.664520264,  259.196685791,  -20.000000000 )
_ set_view (\
_     0.536370218,    0.037800096,   -0.843136311,\
_    -0.017561248,    0.999280512,    0.033628520,\
_     0.843800783,   -0.003230676,    0.536647618,\
_     0.000000000,    0.000000000, -213.930603027,\
_    -4.968866348,    6.929618835,  -12.045124054,\
_   168.664520264,  259.196685791,  -20.000000000 )
_ set_view (\
_     0.536364257,    0.039371125,   -0.843068182,\
_    -0.015354433,    0.999201655,    0.036893789,\
_     0.843847513,   -0.006843541,    0.536540091,\
_     0.000000000,    0.000000000, -213.930603027,\
_    -4.968866348,    6.929618835,  -12.045124054,\
_   168.664520264,  259.196685791,  -20.000000000 )
_ set_view (\
_     0.532267272,    0.042756367,   -0.845496356,\
_    -0.010860479,    0.998986900,    0.043681130,\
_     0.846507370,   -0.014067406,    0.532191932,\
_     0.000000000,    0.000000000, -213.930603027,\
_    -4.968866348,    6.929618835,  -12.045124054,\
_   168.664520264,  259.196685791,  -20.000000000 )
_ set_view (\
_     0.528172731,    0.046175387,   -0.847880960,\
_    -0.006333294,    0.998707235,    0.050443981,\
_     0.849114060,   -0.021273119,    0.527781904,\
_     0.000000000,    0.000000000, -213.930603027,\
_    -4.968866348,    6.929618835,  -12.045124054,\
_   168.664520264,  259.196685791,  -20.000000000 )
_ set_view (\
_     0.528160453,    0.047762331,   -0.847800732,\
_    -0.004116658,    0.998549521,    0.053690296,\
_     0.849135280,   -0.024866851,    0.527590573,\
_     0.000000000,    0.000000000, -213.930603027,\
_    -4.968866348,    6.929618835,  -12.045124054,\
_   168.664520264,  259.196685791,  -20.000000000 )
_ set_view (\
_     0.523900688,    0.049676072,   -0.850330055,\
_    -0.001733995,    0.998358369,    0.057255398,\
_     0.851778328,   -0.028521551,    0.523126364,\
_     0.000000000,    0.000000000, -213.930603027,\
_    -4.968866348,    6.929618835,  -12.045124054,\
_   168.664520264,  259.196685791,  -20.000000000 )
_ set_view (\
_     0.519632041,    0.051607713,   -0.852830648,\
_     0.000666531,    0.998149574,    0.060807504,\
_     0.854390621,   -0.032165851,    0.518635690,\
_     0.000000000,    0.000000000, -213.930603027,\
_    -4.968866348,    6.929618835,  -12.045124054,\
_   168.664520264,  259.196685791,  -20.000000000 )
_ set_view (\
_     0.519614577,    0.053211749,   -0.852742732,\
_     0.002892542,    0.997943759,    0.064034872,\
_     0.854396701,   -0.035739932,    0.518391728,\
_     0.000000000,    0.000000000, -213.930603027,\
_    -4.968866348,    6.929618835,  -12.045124054,\
_   168.664520264,  259.196685791,  -20.000000000 )
_ set_view (\
_     0.519592464,    0.054816090,   -0.852654576,\
_     0.005118767,    0.997722507,    0.067261532,\
_     0.854399800,   -0.039313007,    0.518128037,\
_     0.000000000,    0.000000000, -213.930603027,\
_    -4.968866348,    6.929618835,  -12.045124054,\
_   168.664520264,  259.196685791,  -20.000000000 )
_ set_view (\
_     0.519565821,    0.056420770,   -0.852566183,\
_     0.007345212,    0.997485876,    0.070487410,\
_     0.854399860,   -0.042885002,    0.517844558,\
_     0.000000000,    0.000000000, -213.930603027,\
_    -4.968866348,    6.929618835,  -12.045124054,\
_   168.664520264,  259.196685791,  -20.000000000 )
_ set_view (\
_     0.519534588,    0.058025837,   -0.852477491,\
_     0.009571875,    0.997233868,    0.073712423,\
_     0.854396880,   -0.046455830,    0.517541409,\
_     0.000000000,    0.000000000, -213.930603027,\
_    -4.968866348,    6.929618835,  -12.045124054,\
_   168.664520264,  259.196685791,  -20.000000000 )
_ set_view (\
_     0.515214443,    0.060045093,   -0.854956031,\
_     0.012001644,    0.996939778,    0.077249236,\
_     0.856978297,   -0.050060663,    0.512916446,\
_     0.000000000,    0.000000000, -213.930603027,\
_    -4.968866348,    6.929618835,  -12.045124054,\
_   168.664520264,  259.196685791,  -20.000000000 )
_ set_view (\
_     0.510885596,    0.062082063,   -0.857404768,\
_     0.014449157,    0.996628046,    0.080772266,\
_     0.859528244,   -0.053654026,    0.508265197,\
_     0.000000000,    0.000000000, -213.930603027,\
_    -4.968866348,    6.929618835,  -12.045124054,\
_   168.664520264,  259.196685791,  -20.000000000 )
_ set_view (\
_     0.510848939,    0.063704506,   -0.857307613,\
_     0.016685113,    0.996328115,    0.083976977,\
_     0.859509528,   -0.057203680,    0.507909596,\
_     0.000000000,    0.000000000, -213.930603027,\
_    -4.968866348,    6.929618835,  -12.045124054,\
_   168.664520264,  259.196685791,  -20.000000000 )
_ set_view (\
_     0.510761559,    0.066950850,   -0.857112229,\
_     0.021157695,    0.995682418,    0.090382859,\
_     0.859462976,   -0.064298466,    0.507139146,\
_     0.000000000,    0.000000000, -213.930603027,\
_    -4.968866348,    6.929618835,  -12.045124054,\
_   168.664520264,  259.196685791,  -20.000000000 )
_ set_view (\
_     0.510710895,    0.068574853,   -0.857014060,\
_     0.023394326,    0.995336592,    0.093583912,\
_     0.859435141,   -0.067843437,    0.506724298,\
_     0.000000000,    0.000000000, -213.930603027,\
_    -4.968866348,    6.929618835,  -12.045124054,\
_   168.664520264,  259.196685791,  -20.000000000 )
_ set_view (\
_     0.506330788,    0.070700578,   -0.859436929,\
_     0.025871130,    0.994939506,    0.097089261,\
_     0.861952126,   -0.071393736,    0.501938701,\
_     0.000000000,    0.000000000, -213.930603027,\
_    -4.968866348,    6.929618835,  -12.045124054,\
_   168.664520264,  259.196685791,  -20.000000000 )
_ set_view (\
_     0.501942217,    0.072843798,   -0.861828923,\
_     0.028365545,    0.994524717,    0.100580044,\
_     0.864436865,   -0.074931473,    0.497126967,\
_     0.000000000,    0.000000000, -213.930603027,\
_    -4.968866348,    6.929618835,  -12.045124054,\
_   168.664520264,  259.196685791,  -20.000000000 )
_ set_view (\
_     0.501824915,    0.076127715,   -0.861613393,\
_     0.032857459,    0.993722856,    0.106937185,\
_     0.864345908,   -0.081974022,    0.496172845,\
_     0.000000000,    0.000000000, -213.930603027,\
_    -4.968866348,    6.929618835,  -12.045124054,\
_   168.664520264,  259.196685791,  -20.000000000 )
_ set_view (\
_     0.501759171,    0.077770710,   -0.861504912,\
_     0.035103746,    0.993299067,    0.110113323,\
_     0.864295661,   -0.085492276,    0.495666265,\
_     0.000000000,    0.000000000, -213.930603027,\
_    -4.968866348,    6.929618835,  -12.045124054,\
_   168.664520264,  259.196685791,  -20.000000000 )
_ set_view (\
_     0.501613498,    0.081058927,   -0.861286581,\
_     0.039597027,    0.992405832,    0.116460331,\
_     0.864185989,   -0.092522323,    0.494593859,\
_     0.000000000,    0.000000000, -213.930603027,\
_    -4.968866348,    6.929618835,  -12.045124054,\
_   168.664520264,  259.196685791,  -20.000000000 )
_ set_view (\
_     0.497260749,    0.084900916,   -0.863437831,\
_     0.044313859,    0.991416276,    0.123005599,\
_     0.866469562,   -0.099427983,    0.489229470,\
_     0.000000000,    0.000000000, -213.930603027,\
_    -4.968866348,    6.929618835,  -12.045124054,\
_   168.664520264,  259.196685791,  -20.000000000 )
_ set_view (\
_     0.492912203,    0.088775262,   -0.865539014,\
_     0.049062036,    0.990362763,    0.129518136,\
_     0.868695617,   -0.106306046,    0.483805776,\
_     0.000000000,    0.000000000, -213.930603027,\
_    -4.968866348,    6.929618835,  -12.045124054,\
_   168.664520264,  259.196685791,  -20.000000000 )
_ set_view (\
_     0.488477170,    0.094328448,   -0.867463827,\
_     0.056071345,    0.988691986,    0.139085174,\
_     0.870774209,   -0.116579667,    0.477663696,\
_     0.000000000,    0.000000000, -213.930603027,\
_    -4.968866348,    6.929618835,  -12.045124054,\
_   168.664520264,  259.196685791,  -20.000000000 )
_ set_view (\
_     0.484066367,    0.099928290,   -0.869307458,\
_     0.063124850,    0.986881733,    0.148594201,\
_     0.872752368,   -0.126804233,    0.471407652,\
_     0.000000000,    0.000000000, -213.930603027,\
_    -4.968866348,    6.929618835,  -12.045124054,\
_   168.664520264,  259.196685791,  -20.000000000 )
_ set_view (\
_     0.483889937,    0.103285573,   -0.869013250,\
_     0.067654572,    0.985624194,    0.154817149,\
_     0.872510791,   -0.133707032,    0.469945222,\
_     0.000000000,    0.000000000, -213.930603027,\
_    -4.968866348,    6.929618835,  -12.045124054,\
_   168.664520264,  259.196685791,  -20.000000000 )
_ set_view (\
_     0.483588368,    0.108328909,   -0.868566990,\
_     0.074450888,    0.983625233,    0.164130896,\
_     0.872124493,   -0.144037202,    0.467603922,\
_     0.000000000,    0.000000000, -213.930603027,\
_    -4.968866348,    6.929618835,  -12.045124054,\
_   168.664520264,  259.196685791,  -20.000000000 )
_ set_view (\
_     0.483362675,    0.111696631,   -0.868266046,\
_     0.078982927,    0.982217610,    0.170325488,\
_     0.871850908,   -0.150906995,    0.465944618,\
_     0.000000000,    0.000000000, -213.930603027,\
_    -4.968866348,    6.929618835,  -12.045124054,\
_   168.664520264,  259.196685791,  -20.000000000 )
_ set_view (\
_     0.483117074,    0.115069129,   -0.867962301,\
_     0.083515897,    0.980750024,    0.176507741,\
_     0.871564507,   -0.157762364,    0.464206427,\
_     0.000000000,    0.000000000, -213.930603027,\
_    -4.968866348,    6.929618835,  -12.045124054,\
_   168.664520264,  259.196685791,  -20.000000000 )
_ set_view (\
_     0.487144649,    0.116078779,   -0.865573525,\
_     0.085560337,    0.980015874,    0.179579601,\
_     0.869120955,   -0.161539793,    0.467477202,\
_     0.000000000,    0.000000000, -213.930603027,\
_    -4.968866348,    6.929618835,  -12.045124054,\
_   168.664520264,  259.196685791,  -20.000000000 )
_ set_view (\
_     0.491164833,    0.117070280,   -0.863164783,\
_     0.087589540,    0.979267359,    0.182658121,\
_     0.866652727,   -0.165319204,    0.470727056,\
_     0.000000000,    0.000000000, -213.930603027,\
_    -4.968866348,    6.929618835,  -12.045124054,\
_   168.664520264,  259.196685791,  -20.000000000 )
_ set_view (\
_     0.495001704,    0.119712479,   -0.860606730,\
_     0.091848172,    0.977705240,    0.188830227,\
_     0.864024878,   -0.172516182,    0.472969860,\
_     0.000000000,    0.000000000, -213.930603027,\
_    -4.968866348,    6.929618835,  -12.045124054,\
_   168.664520264,  259.196685791,  -20.000000000 )
_ set_view (\
_     0.498842180,    0.122319892,   -0.858018637,\
_     0.096075550,    0.976084769,    0.195008785,\
_     0.861352205,   -0.179712966,    0.475159824,\
_     0.000000000,    0.000000000, -213.930603027,\
_    -4.968866348,    6.929618835,  -12.045124054,\
_   168.664520264,  259.196685791,  -20.000000000 )
_ set_view (\
_     0.498709947,    0.123982996,   -0.857856810,\
_     0.098324463,    0.975236416,    0.198107868,\
_     0.861174941,   -0.183146417,    0.474169046,\
_     0.000000000,    0.000000000, -213.930603027,\
_    -4.968866348,    6.929618835,  -12.045124054,\
_   168.664520264,  259.196685791,  -20.000000000 )
_ set_view (\
_     0.502502978,    0.126557931,   -0.855263412,\
_     0.102532253,    0.973524153,    0.204299659,\
_     0.858475149,   -0.190353021,    0.476221979,\
_     0.000000000,    0.000000000, -213.930603027,\
_    -4.968866348,    6.929618835,  -12.045124054,\
_   168.664520264,  259.196685791,  -20.000000000 )
_ set_view (\
_     0.506299436,    0.129098013,   -0.852640748,\
_     0.106708370,    0.971753657,    0.210496500,\
_     0.855731249,   -0.197557911,    0.478221864,\
_     0.000000000,    0.000000000, -213.930603027,\
